4 bins-----CTA-----1GPU-----no workload balance
amazon0302_adj/,899792,717719,0.001382,0.001382,0.651139,1,CTA 
amazon0312_adj/,2349869,3686467,0.003952,0.003952,0.594599,1,CTA 
amazon0505_adj/,2439437,3951063,0.004135,0.004135,0.589964,1,CTA 
amazon0601_adj/,2443408,3986507,0.004133,0.004133,0.591197,1,CTA 
as-caida20071105_adj/,53381,36365,0.000112,0.000112,0.476375,1,CTA 
as20000102_adj/,12572,6584,0.000050,0.000050,0.251099,1,CTA 
ca-AstroPh_adj/,198050,1351441,0.000475,0.000475,0.417009,1,CTA 
ca-CondMat_adj/,93439,173361,0.000182,0.000182,0.512973,1,CTA 
ca-GrQc_adj/,14484,48260,0.000055,0.000055,0.264132,1,CTA 
ca-HepPh_adj/,118489,3358494,0.000537,0.000537,0.220683,1,CTA 
ca-HepTh_adj/,25973,28339,0.000070,0.000070,0.371804,1,CTA 
cit-HepPh_adj/,420877,1276868,0.000895,0.000895,0.470241,1,CTA 
cit-HepTh_adj/,352285,1478735,0.000807,0.000807,0.436511,1,CTA 
cit-Patents_adj/,16518947,7515023,0.033543,0.033543,0.492473,1,CTA 
email-Enron_adj/,183831,727044,0.000436,0.000436,0.421796,1,CTA 
email-EuAll_adj/,364481,267313,0.000704,0.000704,0.517867,1,CTA 
facebook_combined_adj/,88234,1612010,0.000326,0.000326,0.270724,1,CTA 
flickrEdges_adj/,2316948,107561640,0.024213,0.024213,0.095690,1,CTA 
loc-gowalla_edges_adj/,950327,2273138,0.001990,0.001990,0.477589,1,CTA 
oregon1_010331_adj/,22002,17144,0.000063,0.000063,0.348238,1,CTA 
oregon1_010407_adj/,21999,15834,0.000070,0.000070,0.314916,1,CTA 
oregon1_010414_adj/,22469,18237,0.000073,0.000073,0.307980,1,CTA 
oregon1_010421_adj/,22747,19108,0.000066,0.000066,0.344433,1,CTA 
oregon1_010428_adj/,22493,17645,0.000071,0.000071,0.316586,1,CTA 
oregon1_010505_adj/,22607,17597,0.000063,0.000063,0.359169,1,CTA 
oregon1_010512_adj/,22677,17598,0.000072,0.000072,0.314948,1,CTA 
oregon1_010519_adj/,22724,17677,0.000065,0.000065,0.349126,1,CTA 
oregon1_010526_adj/,23409,19894,0.000066,0.000066,0.354457,1,CTA 
oregon2_010331_adj/,31180,82856,0.000085,0.000085,0.366326,1,CTA 
oregon2_010407_adj/,30855,78138,0.000088,0.000088,0.350719,1,CTA 
oregon2_010414_adj/,31761,88905,0.000098,0.000098,0.324125,1,CTA 
oregon2_010421_adj/,31538,82129,0.000088,0.000088,0.358482,1,CTA 
oregon2_010428_adj/,31434,78000,0.000086,0.000086,0.365218,1,CTA 
oregon2_010505_adj/,30943,72182,0.000087,0.000087,0.355574,1,CTA 
oregon2_010512_adj/,31303,72866,0.000087,0.000087,0.359710,1,CTA 
oregon2_010519_adj/,32287,83709,0.000095,0.000095,0.340255,1,CTA 
oregon2_010526_adj/,32730,89541,0.000092,0.000092,0.355647,1,CTA 
p2p-Gnutella04_adj/,39994,934,0.000092,0.000092,0.434578,1,CTA 
p2p-Gnutella05_adj/,31839,1112,0.000080,0.000080,0.398634,1,CTA 
p2p-Gnutella06_adj/,31525,1142,0.000080,0.000080,0.394703,1,CTA 
p2p-Gnutella08_adj/,20777,2383,0.000070,0.000070,0.296412,1,CTA 
p2p-Gnutella09_adj/,26013,2354,0.000070,0.000070,0.372377,1,CTA 
p2p-Gnutella24_adj/,65369,986,0.000129,0.000129,0.506798,1,CTA 
p2p-Gnutella25_adj/,54705,806,0.000111,0.000111,0.493440,1,CTA 
p2p-Gnutella30_adj/,88328,1590,0.000162,0.000162,0.545618,1,CTA 
p2p-Gnutella31_adj/,147892,2024,0.000250,0.000250,0.591893,1,CTA 
roadNet-CA_adj/,2766607,120676,0.004164,0.004164,0.664414,1,CTA 
roadNet-PA_adj/,1541898,67150,0.002336,0.002336,0.660052,1,CTA 
roadNet-TX_adj/,1921660,82869,0.002909,0.002909,0.660604,1,CTA 
soc-Epinions1_adj/,405740,1624481,0.001260,0.001260,0.322005,1,CTA 
soc-Slashdot0811_adj/,469180,551724,0.001173,0.001173,0.399976,1,CTA 
soc-Slashdot0902_adj/,504230,602592,0.001264,0.001264,0.398961,1,CTA 
16 bins-----CTA-----1GPU-----no workload balance
amazon0302_adj/,899792,717719,0.001356,0.001356,0.663502,1,CTA 
amazon0312_adj/,2349869,3686467,0.003756,0.003756,0.625623,1,CTA 
amazon0505_adj/,2439437,3951063,0.003912,0.003912,0.623582,1,CTA 
amazon0601_adj/,2443408,3986507,0.003928,0.003928,0.622057,1,CTA 
as-caida20071105_adj/,53381,36365,0.000106,0.000106,0.503137,1,CTA 
as20000102_adj/,12572,6584,0.000047,0.000047,0.267669,1,CTA 
ca-AstroPh_adj/,198050,1351441,0.000391,0.000391,0.506513,1,CTA 
ca-CondMat_adj/,93439,173361,0.000168,0.000168,0.555903,1,CTA 
ca-GrQc_adj/,14484,48260,0.000054,0.000054,0.268807,1,CTA 
ca-HepPh_adj/,118489,3358366,0.000366,0.000366,0.323765,1,CTA 
ca-HepTh_adj/,25973,28339,0.000068,0.000068,0.382241,1,CTA 
cit-HepPh_adj/,420877,1276868,0.000760,0.000760,0.553728,1,CTA 
cit-HepTh_adj/,352285,1478735,0.000670,0.000670,0.525833,1,CTA 
cit-Patents_adj/,16518947,7515023,0.031523,0.031523,0.524029,1,CTA 
email-Enron_adj/,183831,727044,0.000364,0.000364,0.504940,1,CTA 
email-EuAll_adj/,364481,267313,0.000602,0.000602,0.605443,1,CTA 
facebook_combined_adj/,88234,1612010,0.000239,0.000239,0.369342,1,CTA 
flickrEdges_adj/,2316948,107611479,0.014877,0.014877,0.155739,1,CTA 
loc-gowalla_edges_adj/,950327,2273138,0.001666,0.001666,0.570401,1,CTA 
oregon1_010331_adj/,22002,17144,0.000062,0.000062,0.354935,1,CTA 
oregon1_010407_adj/,21999,15834,0.000061,0.000061,0.360432,1,CTA 
oregon1_010414_adj/,22469,18237,0.000062,0.000062,0.362469,1,CTA 
oregon1_010421_adj/,22747,19108,0.000062,0.000062,0.366953,1,CTA 
oregon1_010428_adj/,22493,17645,0.000063,0.000063,0.357358,1,CTA 
oregon1_010505_adj/,22607,17597,0.000062,0.000062,0.364695,1,CTA 
oregon1_010512_adj/,22677,17598,0.000063,0.000063,0.358922,1,CTA 
oregon1_010519_adj/,22724,17677,0.000072,0.000072,0.315601,1,CTA 
oregon1_010526_adj/,23409,19894,0.000063,0.000063,0.371911,1,CTA 
oregon2_010331_adj/,31180,82856,0.000080,0.000080,0.389221,1,CTA 
oregon2_010407_adj/,30855,78138,0.000078,0.000078,0.395765,1,CTA 
oregon2_010414_adj/,31761,88905,0.000081,0.000081,0.392965,1,CTA 
oregon2_010421_adj/,31538,82129,0.000080,0.000080,0.393690,1,CTA 
oregon2_010428_adj/,31434,78000,0.000077,0.000077,0.408185,1,CTA 
oregon2_010505_adj/,30943,72182,0.000078,0.000078,0.396894,1,CTA 
oregon2_010512_adj/,31303,72866,0.000080,0.000080,0.390757,1,CTA 
oregon2_010519_adj/,32287,83709,0.000080,0.000080,0.404243,1,CTA 
oregon2_010526_adj/,32730,89541,0.000082,0.000082,0.399069,1,CTA 
p2p-Gnutella04_adj/,39994,934,0.000087,0.000087,0.459581,1,CTA 
p2p-Gnutella05_adj/,31839,1112,0.000076,0.000076,0.418628,1,CTA 
p2p-Gnutella06_adj/,31525,1142,0.000076,0.000076,0.414500,1,CTA 
p2p-Gnutella08_adj/,20777,2383,0.000059,0.000059,0.351391,1,CTA 
p2p-Gnutella09_adj/,26013,2354,0.000067,0.000067,0.388279,1,CTA 
p2p-Gnutella24_adj/,65369,986,0.000122,0.000122,0.536551,1,CTA 
p2p-Gnutella25_adj/,54705,806,0.000107,0.000107,0.511023,1,CTA 
p2p-Gnutella30_adj/,88328,1590,0.000153,0.000153,0.577963,1,CTA 
p2p-Gnutella31_adj/,147892,2024,0.000234,0.000234,0.632318,1,CTA 
roadNet-CA_adj/,2766607,120676,0.004145,0.004145,0.667433,1,CTA 
roadNet-PA_adj/,1541898,67150,0.002329,0.002329,0.662079,1,CTA 
roadNet-TX_adj/,1921660,82869,0.002899,0.002899,0.662886,1,CTA 
soc-Epinions1_adj/,405740,1624481,0.000949,0.000949,0.427587,1,CTA 
soc-Slashdot0811_adj/,469180,551724,0.000924,0.000924,0.507710,1,CTA 
soc-Slashdot0902_adj/,504230,602592,0.000992,0.000992,0.508266,1,CTA 
32 bins-----CTA-----1GPU-----no workload balance
amazon0302_adj/,899792,717719,0.001344,0.001344,0.669505,1,CTA 
amazon0312_adj/,2349869,3686467,0.003696,0.003696,0.635793,1,CTA 
amazon0505_adj/,2439437,3951063,0.003851,0.003851,0.633427,1,CTA 
amazon0601_adj/,2443408,3986507,0.003859,0.003859,0.633203,1,CTA 
as-caida20071105_adj/,53381,36365,0.000104,0.000104,0.513523,1,CTA 
as20000102_adj/,12572,6584,0.000046,0.000046,0.273217,1,CTA 
ca-AstroPh_adj/,198050,1351441,0.000361,0.000361,0.548667,1,CTA 
ca-CondMat_adj/,93439,173361,0.000165,0.000165,0.566346,1,CTA 
ca-GrQc_adj/,14484,48260,0.000051,0.000051,0.285213,1,CTA 
ca-HepPh_adj/,118489,3358401,0.000329,0.000329,0.360130,1,CTA 
ca-HepTh_adj/,25973,28339,0.000069,0.000069,0.375651,1,CTA 
cit-HepPh_adj/,420877,1276868,0.000706,0.000706,0.596179,1,CTA 
cit-HepTh_adj/,352285,1478735,0.000622,0.000622,0.566344,1,CTA 
cit-Patents_adj/,16518947,7515023,0.031408,0.031408,0.525946,1,CTA 
email-Enron_adj/,183831,727044,0.000329,0.000329,0.558727,1,CTA 
email-EuAll_adj/,364481,267313,0.000574,0.000574,0.635124,1,CTA 
facebook_combined_adj/,88234,1612010,0.000215,0.000215,0.410288,1,CTA 
flickrEdges_adj/,2316948,107813453,0.012333,0.012333,0.187867,1,CTA 
loc-gowalla_edges_adj/,950327,2273138,0.001571,0.001571,0.604942,1,CTA 
oregon1_010331_adj/,22002,17144,0.000061,0.000061,0.360481,1,CTA 
oregon1_010407_adj/,21999,15834,0.000061,0.000061,0.361845,1,CTA 
oregon1_010414_adj/,22469,18237,0.000060,0.000060,0.375465,1,CTA 
oregon1_010421_adj/,22747,19108,0.000061,0.000061,0.372687,1,CTA 
oregon1_010428_adj/,22493,17645,0.000061,0.000061,0.368525,1,CTA 
oregon1_010505_adj/,22607,17597,0.000071,0.000071,0.318190,1,CTA 
oregon1_010512_adj/,22677,17598,0.000062,0.000062,0.365824,1,CTA 
oregon1_010519_adj/,22724,17677,0.000062,0.000062,0.366582,1,CTA 
oregon1_010526_adj/,23409,19894,0.000062,0.000062,0.377633,1,CTA 
oregon2_010331_adj/,31180,82856,0.000076,0.000076,0.411253,1,CTA 
oregon2_010407_adj/,30855,78138,0.000076,0.000076,0.405690,1,CTA 
oregon2_010414_adj/,31761,88905,0.000087,0.000087,0.364973,1,CTA 
oregon2_010421_adj/,31538,82129,0.000077,0.000077,0.409535,1,CTA 
oregon2_010428_adj/,31434,78000,0.000077,0.000077,0.408185,1,CTA 
oregon2_010505_adj/,30943,72182,0.000076,0.000076,0.406847,1,CTA 
oregon2_010512_adj/,31303,72866,0.000077,0.000077,0.406484,1,CTA 
oregon2_010519_adj/,32287,83709,0.000080,0.000080,0.403040,1,CTA 
oregon2_010526_adj/,32730,89541,0.000090,0.000090,0.364137,1,CTA 
p2p-Gnutella04_adj/,39994,934,0.000086,0.000086,0.464673,1,CTA 
p2p-Gnutella05_adj/,31839,1112,0.000074,0.000074,0.430782,1,CTA 
p2p-Gnutella06_adj/,31525,1142,0.000074,0.000074,0.426534,1,CTA 
p2p-Gnutella08_adj/,20777,2383,0.000058,0.000058,0.358622,1,CTA 
p2p-Gnutella09_adj/,26013,2354,0.000066,0.000066,0.393886,1,CTA 
p2p-Gnutella24_adj/,65369,986,0.000118,0.000118,0.553894,1,CTA 
p2p-Gnutella25_adj/,54705,806,0.000104,0.000104,0.526260,1,CTA 
p2p-Gnutella30_adj/,88328,1590,0.000150,0.000150,0.588055,1,CTA 
p2p-Gnutella31_adj/,147892,2024,0.000238,0.000238,0.621547,1,CTA 
roadNet-CA_adj/,2766607,120676,0.004110,0.004110,0.673124,1,CTA 
roadNet-PA_adj/,1541898,67150,0.002314,0.002314,0.666308,1,CTA 
roadNet-TX_adj/,1921660,82869,0.002878,0.002878,0.667663,1,CTA 
soc-Epinions1_adj/,405740,1624481,0.000835,0.000835,0.485950,1,CTA 
soc-Slashdot0811_adj/,469180,551724,0.000846,0.000846,0.554646,1,CTA 
soc-Slashdot0902_adj/,504230,602592,0.000907,0.000907,0.555966,1,CTA 
128 bins-----CTA-----1GPU-----no workload balance
amazon0302_adj/,899792,717716,0.001362,0.001362,0.660599,1,CTA 
amazon0312_adj/,2349869,3686395,0.003744,0.003744,0.627615,1,CTA 
amazon0505_adj/,2439437,3950984,0.003897,0.003897,0.625986,1,CTA 
amazon0601_adj/,2443408,3986418,0.003899,0.003899,0.626660,1,CTA 
as-caida20071105_adj/,53381,36363,0.000102,0.000102,0.524347,1,CTA 
as20000102_adj/,12572,6584,0.000048,0.000048,0.261044,1,CTA 
ca-AstroPh_adj/,198050,1351171,0.000344,0.000344,0.575663,1,CTA 
ca-CondMat_adj/,93439,173360,0.000164,0.000164,0.569639,1,CTA 
ca-GrQc_adj/,14484,48260,0.000052,0.000052,0.278671,1,CTA 
ca-HepPh_adj/,118489,3338150,0.000308,0.000308,0.384659,1,CTA 
ca-HepTh_adj/,25973,28339,0.000074,0.000074,0.351415,1,CTA 
cit-HepPh_adj/,420877,1276739,0.000687,0.000687,0.612521,1,CTA 
cit-HepTh_adj/,352285,1478222,0.000584,0.000584,0.603098,1,CTA 
cit-Patents_adj/,16518947,7515006,0.033242,0.033242,0.496930,1,CTA 
email-Enron_adj/,183831,726809,0.000314,0.000314,0.585454,1,CTA 
email-EuAll_adj/,364481,267294,0.000560,0.000560,0.650806,1,CTA 
facebook_combined_adj/,88234,1602545,0.000197,0.000197,0.448039,1,CTA 
flickrEdges_adj/,2316948,107281166,0.012019,0.012019,0.192775,1,CTA 
loc-gowalla_edges_adj/,950327,2272784,0.001515,0.001515,0.627216,1,CTA 
oregon1_010331_adj/,22002,17142,0.000061,0.000061,0.360481,1,CTA 
oregon1_010407_adj/,21999,15833,0.000062,0.000062,0.354887,1,CTA 
oregon1_010414_adj/,22469,18236,0.000061,0.000061,0.368132,1,CTA 
oregon1_010421_adj/,22747,19108,0.000062,0.000062,0.366953,1,CTA 
oregon1_010428_adj/,22493,17644,0.000063,0.000063,0.357358,1,CTA 
oregon1_010505_adj/,22607,17595,0.000062,0.000062,0.364695,1,CTA 
oregon1_010512_adj/,22677,17596,0.000063,0.000063,0.358922,1,CTA 
oregon1_010519_adj/,22724,17672,0.000062,0.000062,0.366582,1,CTA 
oregon1_010526_adj/,23409,19894,0.000063,0.000063,0.370507,1,CTA 
oregon2_010331_adj/,31180,82819,0.000076,0.000076,0.411253,1,CTA 
oregon2_010407_adj/,30855,78069,0.000076,0.000076,0.405690,1,CTA 
oregon2_010414_adj/,31761,88872,0.000076,0.000076,0.417603,1,CTA 
oregon2_010421_adj/,31538,82091,0.000077,0.000077,0.409535,1,CTA 
oregon2_010428_adj/,31434,77961,0.000075,0.000075,0.418552,1,CTA 
oregon2_010505_adj/,30943,72170,0.000075,0.000075,0.412014,1,CTA 
oregon2_010512_adj/,31303,72840,0.000077,0.000077,0.406484,1,CTA 
oregon2_010519_adj/,32287,83705,0.000077,0.000077,0.419262,1,CTA 
oregon2_010526_adj/,32730,89484,0.000079,0.000079,0.414742,1,CTA 
p2p-Gnutella04_adj/,39994,934,0.000093,0.000093,0.430120,1,CTA 
p2p-Gnutella05_adj/,31839,1112,0.000074,0.000074,0.430782,1,CTA 
p2p-Gnutella06_adj/,31525,1142,0.000074,0.000074,0.426534,1,CTA 
p2p-Gnutella08_adj/,20777,2381,0.000059,0.000059,0.351391,1,CTA 
p2p-Gnutella09_adj/,26013,2354,0.000066,0.000066,0.393886,1,CTA 
p2p-Gnutella24_adj/,65369,986,0.000119,0.000119,0.549454,1,CTA 
p2p-Gnutella25_adj/,54705,806,0.000107,0.000107,0.511023,1,CTA 
p2p-Gnutella30_adj/,88328,1590,0.000148,0.000148,0.597539,1,CTA 
p2p-Gnutella31_adj/,147892,2024,0.000230,0.000230,0.642802,1,CTA 
roadNet-CA_adj/,2766607,120674,0.004159,0.004159,0.665214,1,CTA 
roadNet-PA_adj/,1541898,67150,0.002339,0.002339,0.659177,1,CTA 
roadNet-TX_adj/,1921660,82865,0.002907,0.002907,0.661037,1,CTA 
soc-Epinions1_adj/,405740,1624072,0.000763,0.000763,0.531812,1,CTA 
soc-Slashdot0811_adj/,469180,551638,0.000785,0.000785,0.597778,1,CTA 
soc-Slashdot0902_adj/,504230,602489,0.000842,0.000842,0.598781,1,CTA 
256 bins-----CTA-----1GPU-----no workload balance
amazon0302_adj/,899792,717716,0.001402,0.001402,0.641728,1,CTA 
amazon0312_adj/,2349869,3686410,0.003866,0.003866,0.607836,1,CTA 
amazon0505_adj/,2439437,3950999,0.004017,0.004017,0.607297,1,CTA 
amazon0601_adj/,2443408,3986458,0.004025,0.004025,0.607061,1,CTA 
as-caida20071105_adj/,53381,36364,0.000116,0.000116,0.460692,1,CTA 
as20000102_adj/,12572,6584,0.000047,0.000047,0.267669,1,CTA 
ca-AstroPh_adj/,198050,1351270,0.000352,0.000352,0.562793,1,CTA 
ca-CondMat_adj/,93439,173356,0.000169,0.000169,0.552767,1,CTA 
ca-GrQc_adj/,14484,48259,0.000055,0.000055,0.264132,1,CTA 
ca-HepPh_adj/,118489,3345316,0.000325,0.000325,0.364621,1,CTA 
ca-HepTh_adj/,25973,28339,0.000069,0.000069,0.376950,1,CTA 
cit-HepPh_adj/,420877,1276791,0.000690,0.000690,0.609981,1,CTA 
cit-HepTh_adj/,352285,1478375,0.000596,0.000596,0.591036,1,CTA 
cit-Patents_adj/,16518947,7515011,0.033835,0.033835,0.488218,1,CTA 
email-Enron_adj/,183831,726865,0.000309,0.000309,0.594941,1,CTA 
email-EuAll_adj/,364481,267300,0.000560,0.000560,0.650806,1,CTA 
facebook_combined_adj/,88234,1605500,0.000199,0.000199,0.443210,1,CTA 
flickrEdges_adj/,2316948,107367974,0.012135,0.012135,0.190931,1,CTA 
loc-gowalla_edges_adj/,950327,2272861,0.001491,0.001491,0.637346,1,CTA 
oregon1_010331_adj/,22002,17144,0.000072,0.000072,0.305573,1,CTA 
oregon1_010407_adj/,21999,15832,0.000060,0.000060,0.367612,1,CTA 
oregon1_010414_adj/,22469,18235,0.000062,0.000062,0.362469,1,CTA 
oregon1_010421_adj/,22747,19107,0.000063,0.000063,0.360030,1,CTA 
oregon1_010428_adj/,22493,17645,0.000061,0.000061,0.368525,1,CTA 
oregon1_010505_adj/,22607,17596,0.000062,0.000062,0.364695,1,CTA 
oregon1_010512_adj/,22677,17598,0.000062,0.000062,0.365824,1,CTA 
oregon1_010519_adj/,22724,17673,0.000062,0.000062,0.366582,1,CTA 
oregon1_010526_adj/,23409,19892,0.000078,0.000078,0.300258,1,CTA 
oregon2_010331_adj/,31180,82827,0.000084,0.000084,0.371530,1,CTA 
oregon2_010407_adj/,30855,78114,0.000075,0.000075,0.412150,1,CTA 
oregon2_010414_adj/,31761,88876,0.000077,0.000077,0.412431,1,CTA 
oregon2_010421_adj/,31538,82111,0.000077,0.000077,0.409535,1,CTA 
oregon2_010428_adj/,31434,77978,0.000080,0.000080,0.393563,1,CTA 
oregon2_010505_adj/,30943,72169,0.000074,0.000074,0.418659,1,CTA 
oregon2_010512_adj/,31303,72837,0.000077,0.000077,0.406484,1,CTA 
oregon2_010519_adj/,32287,83686,0.000077,0.000077,0.419262,1,CTA 
oregon2_010526_adj/,32730,89525,0.000077,0.000077,0.425014,1,CTA 
p2p-Gnutella04_adj/,39994,934,0.000086,0.000086,0.464673,1,CTA 
p2p-Gnutella05_adj/,31839,1112,0.000073,0.000073,0.436413,1,CTA 
p2p-Gnutella06_adj/,31525,1142,0.000082,0.000082,0.384376,1,CTA 
p2p-Gnutella08_adj/,20777,2383,0.000059,0.000059,0.352814,1,CTA 
p2p-Gnutella09_adj/,26013,2354,0.000067,0.000067,0.388279,1,CTA 
p2p-Gnutella24_adj/,65369,986,0.000116,0.000116,0.564151,1,CTA 
p2p-Gnutella25_adj/,54705,806,0.000104,0.000104,0.526260,1,CTA 
p2p-Gnutella30_adj/,88328,1590,0.000147,0.000147,0.601420,1,CTA 
p2p-Gnutella31_adj/,147892,2024,0.000229,0.000229,0.645478,1,CTA 
roadNet-CA_adj/,2766607,120676,0.004255,0.004255,0.650229,1,CTA 
roadNet-PA_adj/,1541898,67149,0.002402,0.002402,0.641905,1,CTA 
roadNet-TX_adj/,1921660,82868,0.002977,0.002977,0.645525,1,CTA 
soc-Epinions1_adj/,405740,1624027,0.000788,0.000788,0.514916,1,CTA 
soc-Slashdot0811_adj/,469180,551617,0.000804,0.000804,0.583595,1,CTA 
soc-Slashdot0902_adj/,504230,602463,0.000865,0.000865,0.582937,1,CTA 
---------------------------------------------------------------------------------------------------------------------
4 bins-----warp-----1GPU-----no workload balance
amazon0302_adj/,899792,717719,0.000529,0.000529,1.700767,1,WARP 
amazon0312_adj/,2349869,3686467,0.001589,0.001589,1.478779,1,WARP 
amazon0505_adj/,2439437,3951063,0.001668,0.001668,1.462513,1,WARP 
amazon0601_adj/,2443408,3986507,0.001674,0.001674,1.459678,1,WARP 
as-caida20071105_adj/,53381,36365,0.000064,0.000064,0.832328,1,WARP 
as20000102_adj/,12572,6584,0.000038,0.000038,0.331640,1,WARP 
ca-AstroPh_adj/,198050,1351441,0.000225,0.000225,0.880893,1,WARP 
ca-CondMat_adj/,93439,173361,0.000096,0.000096,0.974904,1,WARP 
ca-GrQc_adj/,14484,48260,0.000041,0.000041,0.353199,1,WARP 
ca-HepPh_adj/,118489,3358499,0.000418,0.000418,0.283502,1,WARP 
ca-HepTh_adj/,25973,28339,0.000048,0.000048,0.539300,1,WARP 
cit-HepPh_adj/,420877,1276868,0.000382,0.000382,1.101926,1,WARP 
cit-HepTh_adj/,352285,1478735,0.000371,0.000371,0.949608,1,WARP 
cit-Patents_adj/,16518947,7515023,0.015241,0.015241,1.083856,1,WARP 
email-Enron_adj/,183831,727044,0.000218,0.000218,0.843592,1,WARP 
email-EuAll_adj/,364481,267313,0.000347,0.000347,1.049962,1,WARP 
facebook_combined_adj/,88234,1612010,0.000218,0.000218,0.404902,1,WARP 
flickrEdges_adj/,2316948,107987357,0.033062,0.033062,0.070079,1,WARP 
loc-gowalla_edges_adj/,950327,2273138,0.000895,0.000895,1.061790,1,WARP 
oregon1_010331_adj/,22002,17144,0.000044,0.000044,0.498827,1,WARP 
oregon1_010407_adj/,21999,15834,0.000044,0.000044,0.498759,1,WARP 
oregon1_010414_adj/,22469,18237,0.000046,0.000046,0.488300,1,WARP 
oregon1_010421_adj/,22747,19108,0.000058,0.000058,0.391016,1,WARP 
oregon1_010428_adj/,22493,17645,0.000056,0.000056,0.401457,1,WARP 
oregon1_010505_adj/,22607,17597,0.000045,0.000045,0.501696,1,WARP 
oregon1_010512_adj/,22677,17598,0.000047,0.000047,0.482813,1,WARP 
oregon1_010519_adj/,22724,17677,0.000047,0.000047,0.483814,1,WARP 
oregon1_010526_adj/,23409,19894,0.000046,0.000046,0.508728,1,WARP 
oregon2_010331_adj/,31180,82856,0.000055,0.000055,0.566140,1,WARP 
oregon2_010407_adj/,30855,78138,0.000055,0.000055,0.560239,1,WARP 
oregon2_010414_adj/,31761,88905,0.000058,0.000058,0.548211,1,WARP 
oregon2_010421_adj/,31538,82129,0.000061,0.000061,0.516719,1,WARP 
oregon2_010428_adj/,31434,78000,0.000055,0.000055,0.573234,1,WARP 
oregon2_010505_adj/,30943,72182,0.000055,0.000055,0.564280,1,WARP 
oregon2_010512_adj/,31303,72866,0.000053,0.000053,0.588764,1,WARP 
oregon2_010519_adj/,32287,83709,0.000055,0.000055,0.586240,1,WARP 
oregon2_010526_adj/,32730,89541,0.000055,0.000055,0.594284,1,WARP 
p2p-Gnutella04_adj/,39994,934,0.000056,0.000056,0.713817,1,WARP 
p2p-Gnutella05_adj/,31839,1112,0.000050,0.000050,0.638959,1,WARP 
p2p-Gnutella06_adj/,31525,1142,0.000051,0.000051,0.617876,1,WARP 
p2p-Gnutella08_adj/,20777,2383,0.000044,0.000044,0.471054,1,WARP 
p2p-Gnutella09_adj/,26013,2354,0.000048,0.000048,0.540131,1,WARP 
p2p-Gnutella24_adj/,65369,986,0.000070,0.000070,0.932576,1,WARP 
p2p-Gnutella25_adj/,54705,806,0.000063,0.000063,0.869127,1,WARP 
p2p-Gnutella30_adj/,88328,1590,0.000084,0.000084,1.052484,1,WARP 
p2p-Gnutella31_adj/,147892,2024,0.000122,0.000122,1.211531,1,WARP 
roadNet-CA_adj/,2766607,120676,0.001414,0.001414,1.956498,1,WARP 
roadNet-PA_adj/,1541898,67150,0.000771,0.000771,1.999749,1,WARP 
roadNet-TX_adj/,1921660,82869,0.000949,0.000949,2.024624,1,WARP 
soc-Epinions1_adj/,405740,1624481,0.000695,0.000695,0.583807,1,WARP 
soc-Slashdot0811_adj/,469180,551724,0.000563,0.000563,0.833496,1,WARP 
soc-Slashdot0902_adj/,504230,602592,0.000613,0.000613,0.822596,1,WARP 
16 bins-----Warp-----1GPU-----no workload balance
amazon0302_adj/,899792,717719,0.000513,0.000513,1.753718,1,WARP 
amazon0312_adj/,2349869,3686467,0.001527,0.001527,1.538808,1,WARP 
amazon0505_adj/,2439437,3951063,0.001598,0.001598,1.526442,1,WARP 
amazon0601_adj/,2443408,3986507,0.001598,0.001598,1.529155,1,WARP 
as-caida20071105_adj/,53381,36365,0.000061,0.000061,0.874594,1,WARP 
as20000102_adj/,12572,6584,0.000038,0.000038,0.331640,1,WARP 
ca-AstroPh_adj/,198050,1351441,0.000199,0.000199,0.994829,1,WARP 
ca-CondMat_adj/,93439,173361,0.000089,0.000089,1.050701,1,WARP 
ca-GrQc_adj/,14484,48260,0.000042,0.000042,0.345172,1,WARP 
ca-HepPh_adj/,118489,3358499,0.000275,0.000275,0.430658,1,WARP 
ca-HepTh_adj/,25973,28339,0.000046,0.000046,0.564449,1,WARP 
cit-HepPh_adj/,420877,1276868,0.000332,0.000332,1.267255,1,WARP 
cit-HepTh_adj/,352285,1478735,0.000314,0.000314,1.121937,1,WARP 
cit-Patents_adj/,16518947,7515023,0.015441,0.015441,1.069815,1,WARP 
email-Enron_adj/,183831,727044,0.000185,0.000185,0.993612,1,WARP 
email-EuAll_adj/,364481,267313,0.000298,0.000298,1.222995,1,WARP 
facebook_combined_adj/,88234,1612010,0.000168,0.000168,0.524936,1,WARP 
flickrEdges_adj/,2316948,107987357,0.025653,0.025653,0.090318,1,WARP 
loc-gowalla_edges_adj/,950327,2273138,0.000763,0.000763,1.245613,1,WARP 
oregon1_010331_adj/,22002,17144,0.000044,0.000044,0.501538,1,WARP 
oregon1_010407_adj/,21999,15834,0.000045,0.000045,0.488204,1,WARP 
oregon1_010414_adj/,22469,18237,0.000044,0.000044,0.509415,1,WARP 
oregon1_010421_adj/,22747,19108,0.000046,0.000046,0.494341,1,WARP 
oregon1_010428_adj/,22493,17645,0.000045,0.000045,0.499167,1,WARP 
oregon1_010505_adj/,22607,17597,0.000044,0.000044,0.512544,1,WARP 
oregon1_010512_adj/,22677,17598,0.000044,0.000044,0.514131,1,WARP 
oregon1_010519_adj/,22724,17677,0.000045,0.000045,0.506975,1,WARP 
oregon1_010526_adj/,23409,19894,0.000046,0.000046,0.508728,1,WARP 
oregon2_010331_adj/,31180,82856,0.000053,0.000053,0.589092,1,WARP 
oregon2_010407_adj/,30855,78138,0.000052,0.000052,0.593648,1,WARP 
oregon2_010414_adj/,31761,88905,0.000055,0.000055,0.576690,1,WARP 
oregon2_010421_adj/,31538,82129,0.000053,0.000053,0.595856,1,WARP 
oregon2_010428_adj/,31434,78000,0.000053,0.000053,0.593891,1,WARP 
oregon2_010505_adj/,30943,72182,0.000051,0.000051,0.606469,1,WARP 
oregon2_010512_adj/,31303,72866,0.000052,0.000052,0.602267,1,WARP 
oregon2_010519_adj/,32287,83709,0.000053,0.000053,0.607271,1,WARP 
oregon2_010526_adj/,32730,89541,0.000054,0.000054,0.607432,1,WARP 
p2p-Gnutella04_adj/,39994,934,0.000054,0.000054,0.742243,1,WARP 
p2p-Gnutella05_adj/,31839,1112,0.000050,0.000050,0.635916,1,WARP 
p2p-Gnutella06_adj/,31525,1142,0.000048,0.000048,0.654581,1,WARP 
p2p-Gnutella08_adj/,20777,2383,0.000043,0.000043,0.484139,1,WARP 
p2p-Gnutella09_adj/,26013,2354,0.000046,0.000046,0.565318,1,WARP 
p2p-Gnutella24_adj/,65369,986,0.000067,0.000067,0.975720,1,WARP 
p2p-Gnutella25_adj/,54705,806,0.000061,0.000061,0.896287,1,WARP 
p2p-Gnutella30_adj/,88328,1590,0.000080,0.000080,1.102603,1,WARP 
p2p-Gnutella31_adj/,147892,2024,0.000111,0.000111,1.331124,1,WARP 
roadNet-CA_adj/,2766607,120676,0.001328,0.001328,2.083302,1,WARP 
roadNet-PA_adj/,1541898,67150,0.000775,0.000775,1.989292,1,WARP 
roadNet-TX_adj/,1921660,82869,0.000951,0.000951,2.020563,1,WARP 
soc-Epinions1_adj/,405740,1624481,0.000561,0.000561,0.723246,1,WARP 
soc-Slashdot0811_adj/,469180,551724,0.000469,0.000469,0.999941,1,WARP 
soc-Slashdot0902_adj/,504230,602592,0.000494,0.000494,1.020702,1,WARP 
32 bins-----Warp-----1GPU-----no workload balance
amazon0302_adj/,899792,717719,0.000523,0.000523,1.720146,1,WARP 
amazon0312_adj/,2349869,3686467,0.001532,0.001532,1.533779,1,WARP 
amazon0505_adj/,2439437,3951063,0.001607,0.001607,1.518062,1,WARP 
amazon0601_adj/,2443408,3986507,0.001573,0.001573,1.553258,1,WARP 
as-caida20071105_adj/,53381,36365,0.000062,0.000062,0.861139,1,WARP 
as20000102_adj/,12572,6584,0.000077,0.000077,0.163253,1,WARP 
ca-AstroPh_adj/,198050,1351441,0.000191,0.000191,1.035763,1,WARP 
ca-CondMat_adj/,93439,173361,0.000088,0.000088,1.059220,1,WARP 
ca-GrQc_adj/,14484,48260,0.000042,0.000042,0.345172,1,WARP 
ca-HepPh_adj/,118489,3358499,0.000252,0.000252,0.470179,1,WARP 
ca-HepTh_adj/,25973,28339,0.000048,0.000048,0.541983,1,WARP 
cit-HepPh_adj/,420877,1276868,0.000323,0.000323,1.303756,1,WARP 
cit-HepTh_adj/,352285,1478735,0.000305,0.000305,1.155270,1,WARP 
cit-Patents_adj/,16518947,7515023,0.015043,0.015043,1.098114,1,WARP 
email-Enron_adj/,183831,727044,0.000176,0.000176,1.043360,1,WARP 
email-EuAll_adj/,364481,267313,0.000288,0.000288,1.265517,1,WARP 
facebook_combined_adj/,88234,1612010,0.000159,0.000159,0.554843,1,WARP 
flickrEdges_adj/,2316948,107987357,0.020935,0.020935,0.110674,1,WARP 
loc-gowalla_edges_adj/,950327,2273138,0.000752,0.000752,1.263779,1,WARP 
oregon1_010331_adj/,22002,17144,0.000046,0.000046,0.478151,1,WARP 
oregon1_010407_adj/,21999,15834,0.000045,0.000045,0.490800,1,WARP 
oregon1_010414_adj/,22469,18237,0.000045,0.000045,0.498634,1,WARP 
oregon1_010421_adj/,22747,19108,0.000045,0.000045,0.504803,1,WARP 
oregon1_010428_adj/,22493,17645,0.000045,0.000045,0.499167,1,WARP 
oregon1_010505_adj/,22607,17597,0.000046,0.000046,0.491299,1,WARP 
oregon1_010512_adj/,22677,17598,0.000046,0.000046,0.492820,1,WARP 
oregon1_010519_adj/,22724,17677,0.000046,0.000046,0.493841,1,WARP 
oregon1_010526_adj/,23409,19894,0.000046,0.000046,0.508728,1,WARP 
oregon2_010331_adj/,31180,82856,0.000053,0.000053,0.589092,1,WARP 
oregon2_010407_adj/,30855,78138,0.000052,0.000052,0.593648,1,WARP 
oregon2_010414_adj/,31761,88905,0.000062,0.000062,0.512366,1,WARP 
oregon2_010421_adj/,31538,82129,0.000053,0.000053,0.595856,1,WARP 
oregon2_010428_adj/,31434,78000,0.000064,0.000064,0.491954,1,WARP 
oregon2_010505_adj/,30943,72182,0.000062,0.000062,0.499171,1,WARP 
oregon2_010512_adj/,31303,72866,0.000053,0.000053,0.591416,1,WARP 
oregon2_010519_adj/,32287,83709,0.000055,0.000055,0.588789,1,WARP 
oregon2_010526_adj/,32730,89541,0.000056,0.000056,0.584168,1,WARP 
p2p-Gnutella04_adj/,39994,934,0.000054,0.000054,0.742243,1,WARP 
p2p-Gnutella05_adj/,31839,1112,0.000051,0.000051,0.624030,1,WARP 
p2p-Gnutella06_adj/,31525,1142,0.000049,0.000049,0.645002,1,WARP 
p2p-Gnutella08_adj/,20777,2383,0.000044,0.000044,0.471054,1,WARP 
p2p-Gnutella09_adj/,26013,2354,0.000046,0.000046,0.565318,1,WARP 
p2p-Gnutella24_adj/,65369,986,0.000069,0.000069,0.948711,1,WARP 
p2p-Gnutella25_adj/,54705,806,0.000063,0.000063,0.869127,1,WARP 
p2p-Gnutella30_adj/,88328,1590,0.000078,0.000078,1.132949,1,WARP 
p2p-Gnutella31_adj/,147892,2024,0.000118,0.000118,1.253139,1,WARP 
roadNet-CA_adj/,2766607,120676,0.001320,0.001320,2.096097,1,WARP 
roadNet-PA_adj/,1541898,67150,0.000761,0.000761,2.026062,1,WARP 
roadNet-TX_adj/,1921660,82869,0.000937,0.000937,2.050897,1,WARP 
soc-Epinions1_adj/,405740,1624481,0.000521,0.000521,0.778854,1,WARP 
soc-Slashdot0811_adj/,469180,551724,0.000442,0.000442,1.061426,1,WARP 
soc-Slashdot0902_adj/,504230,602592,0.000477,0.000477,1.056918,1,WARP 
128 bins----Warp-----1GPU-----no workload balance
amazon0302_adj/,899792,717719,0.000573,0.000573,1.570537,1,WARP 
amazon0312_adj/,2349869,3686467,0.001766,0.001766,1.330642,1,WARP 
amazon0505_adj/,2439437,3951063,0.001887,0.001887,1.292703,1,WARP 
amazon0601_adj/,2443408,3986507,0.001852,0.001852,1.319309,1,WARP 
as-caida20071105_adj/,53381,36365,0.000069,0.000069,0.772056,1,WARP 
as20000102_adj/,12572,6584,0.000043,0.000043,0.291330,1,WARP 
ca-AstroPh_adj/,198050,1351441,0.000235,0.000235,0.842477,1,WARP 
ca-CondMat_adj/,93439,173361,0.000098,0.000098,0.953556,1,WARP 
ca-GrQc_adj/,14484,48260,0.000049,0.000049,0.296343,1,WARP 
ca-HepPh_adj/,118489,3358499,0.000431,0.000431,0.275030,1,WARP 
ca-HepTh_adj/,25973,28339,0.000054,0.000054,0.482029,1,WARP 
cit-HepPh_adj/,420877,1276868,0.000398,0.000398,1.057058,1,WARP 
cit-HepTh_adj/,352285,1478735,0.000377,0.000377,0.934592,1,WARP 
cit-Patents_adj/,16518947,7515023,0.018028,0.018028,0.916293,1,WARP 
email-Enron_adj/,183831,727044,0.000211,0.000211,0.871235,1,WARP 
email-EuAll_adj/,364481,267313,0.000338,0.000338,1.078860,1,WARP 
facebook_combined_adj/,88234,1612010,0.000195,0.000195,0.452421,1,WARP 
flickrEdges_adj/,2316948,107987357,0.026017,0.026017,0.089055,1,WARP 
loc-gowalla_edges_adj/,950327,2273138,0.000991,0.000991,0.959086,1,WARP 
oregon1_010331_adj/,22002,17144,0.000050,0.000050,0.441546,1,WARP 
oregon1_010407_adj/,21999,15834,0.000051,0.000051,0.431171,1,WARP 
oregon1_010414_adj/,22469,18237,0.000048,0.000048,0.468865,1,WARP 
oregon1_010421_adj/,22747,19108,0.000050,0.000050,0.456497,1,WARP 
oregon1_010428_adj/,22493,17645,0.000049,0.000049,0.460207,1,WARP 
oregon1_010505_adj/,22607,17597,0.000060,0.000060,0.377771,1,WARP 
oregon1_010512_adj/,22677,17598,0.000050,0.000050,0.452925,1,WARP 
oregon1_010519_adj/,22724,17677,0.000049,0.000049,0.462677,1,WARP 
oregon1_010526_adj/,23409,19894,0.000050,0.000050,0.469782,1,WARP 
oregon2_010331_adj/,31180,82856,0.000060,0.000060,0.521029,1,WARP 
oregon2_010407_adj/,30855,78138,0.000072,0.000072,0.428527,1,WARP 
oregon2_010414_adj/,31761,88905,0.000062,0.000062,0.512366,1,WARP 
oregon2_010421_adj/,31538,82129,0.000061,0.000061,0.516719,1,WARP 
oregon2_010428_adj/,31434,78000,0.000069,0.000069,0.456207,1,WARP 
oregon2_010505_adj/,30943,72182,0.000060,0.000060,0.517069,1,WARP 
oregon2_010512_adj/,31303,72866,0.000060,0.000060,0.523085,1,WARP 
oregon2_010519_adj/,32287,83709,0.000060,0.000060,0.537387,1,WARP 
oregon2_010526_adj/,32730,89541,0.000061,0.000061,0.536248,1,WARP 
p2p-Gnutella04_adj/,39994,934,0.000061,0.000061,0.655262,1,WARP 
p2p-Gnutella05_adj/,31839,1112,0.000056,0.000056,0.570694,1,WARP 
p2p-Gnutella06_adj/,31525,1142,0.000055,0.000055,0.572404,1,WARP 
p2p-Gnutella08_adj/,20777,2383,0.000049,0.000049,0.425098,1,WARP 
p2p-Gnutella09_adj/,26013,2354,0.000052,0.000052,0.500488,1,WARP 
p2p-Gnutella24_adj/,65369,986,0.000073,0.000073,0.896005,1,WARP 
p2p-Gnutella25_adj/,54705,806,0.000069,0.000069,0.791205,1,WARP 
p2p-Gnutella30_adj/,88328,1590,0.000086,0.000086,1.026245,1,WARP 
p2p-Gnutella31_adj/,147892,2024,0.000124,0.000124,1.192892,1,WARP 
roadNet-CA_adj/,2766607,120676,0.001444,0.001444,1.916115,1,WARP 
roadNet-PA_adj/,1541898,67150,0.000808,0.000808,1.908288,1,WARP 
roadNet-TX_adj/,1921660,82869,0.001026,0.001026,1.873118,1,WARP 
soc-Epinions1_adj/,405740,1624481,0.000764,0.000764,0.531148,1,WARP 
soc-Slashdot0811_adj/,469180,551724,0.000595,0.000595,0.788415,1,WARP 
soc-Slashdot0902_adj/,504230,602592,0.000676,0.000676,0.745994,1,WARP 
256 bins-----Warp-----1GPU-----no workload balance
amazon0302_adj/,899792,717719,0.000725,0.000725,1.241040,1,WARP 
amazon0312_adj/,2349869,3686467,0.002697,0.002697,0.871293,1,WARP 
amazon0505_adj/,2439437,3951063,0.002670,0.002670,0.913630,1,WARP 
amazon0601_adj/,2443408,3986507,0.002844,0.002844,0.859188,1,WARP 
as-caida20071105_adj/,53381,36365,0.000083,0.000083,0.643380,1,WARP 
as20000102_adj/,12572,6584,0.000046,0.000046,0.273217,1,WARP 
ca-AstroPh_adj/,198050,1351441,0.000412,0.000412,0.480719,1,WARP 
ca-CondMat_adj/,93439,173361,0.000130,0.000130,0.719104,1,WARP 
ca-GrQc_adj/,14484,48260,0.000055,0.000055,0.264132,1,WARP 
ca-HepPh_adj/,118489,3358499,0.000739,0.000739,0.160316,1,WARP 
ca-HepTh_adj/,25973,28339,0.000061,0.000061,0.425542,1,WARP 
cit-HepPh_adj/,420877,1276868,0.000794,0.000794,0.530116,1,WARP 
cit-HepTh_adj/,352285,1478735,0.000697,0.000697,0.505505,1,WARP 
cit-Patents_adj/,16518947,7515023,0.026739,0.026739,0.617782,1,WARP 
email-Enron_adj/,183831,727044,0.000338,0.000338,0.543754,1,WARP 
email-EuAll_adj/,364481,267313,0.000576,0.000576,0.632758,1,WARP 
facebook_combined_adj/,88234,1612010,0.000296,0.000296,0.298211,1,WARP 
flickrEdges_adj/,2316948,107987357,0.042163,0.042163,0.054952,1,WARP 
loc-gowalla_edges_adj/,950327,2273138,0.001901,0.001901,0.499932,1,WARP 
oregon1_010331_adj/,22002,17144,0.000055,0.000055,0.399494,1,WARP 
oregon1_010407_adj/,21999,15834,0.000057,0.000057,0.386069,1,WARP 
oregon1_010414_adj/,22469,18237,0.000055,0.000055,0.407973,1,WARP 
oregon1_010421_adj/,22747,19108,0.000057,0.000057,0.399196,1,WARP 
oregon1_010428_adj/,22493,17645,0.000056,0.000056,0.401457,1,WARP 
oregon1_010505_adj/,22607,17597,0.000057,0.000057,0.395086,1,WARP 
oregon1_010512_adj/,22677,17598,0.000054,0.000054,0.420859,1,WARP 
oregon1_010519_adj/,22724,17677,0.000054,0.000054,0.419874,1,WARP 
oregon1_010526_adj/,23409,19894,0.000056,0.000056,0.417806,1,WARP 
oregon2_010331_adj/,31180,82856,0.000078,0.000078,0.399934,1,WARP 
oregon2_010407_adj/,30855,78138,0.000076,0.000076,0.405690,1,WARP 
oregon2_010414_adj/,31761,88905,0.000078,0.000078,0.407386,1,WARP 
oregon2_010421_adj/,31538,82129,0.000071,0.000071,0.443892,1,WARP 
oregon2_010428_adj/,31434,78000,0.000078,0.000078,0.403192,1,WARP 
oregon2_010505_adj/,30943,72182,0.000070,0.000070,0.442950,1,WARP 
oregon2_010512_adj/,31303,72866,0.000075,0.000075,0.416807,1,WARP 
oregon2_010519_adj/,32287,83709,0.000076,0.000076,0.424519,1,WARP 
oregon2_010526_adj/,32730,89541,0.000077,0.000077,0.425014,1,WARP 
p2p-Gnutella04_adj/,39994,934,0.000076,0.000076,0.525853,1,WARP 
p2p-Gnutella05_adj/,31839,1112,0.000071,0.000071,0.448129,1,WARP 
p2p-Gnutella06_adj/,31525,1142,0.000067,0.000067,0.470553,1,WARP 
p2p-Gnutella08_adj/,20777,2383,0.000058,0.000058,0.358622,1,WARP 
p2p-Gnutella09_adj/,26013,2354,0.000061,0.000061,0.426197,1,WARP 
p2p-Gnutella24_adj/,65369,986,0.000089,0.000089,0.733095,1,WARP 
p2p-Gnutella25_adj/,54705,806,0.000083,0.000083,0.659337,1,WARP 
p2p-Gnutella30_adj/,88328,1590,0.000103,0.000103,0.857580,1,WARP 
p2p-Gnutella31_adj/,147892,2024,0.000144,0.000144,1.026993,1,WARP 
roadNet-CA_adj/,2766607,120676,0.001750,0.001750,1.580925,1,WARP 
roadNet-PA_adj/,1541898,67150,0.000943,0.000943,1.634780,1,WARP 
roadNet-TX_adj/,1921660,82869,0.001204,0.001204,1.596045,1,WARP 
soc-Epinions1_adj/,405740,1624481,0.001560,0.001560,0.260094,1,WARP 
soc-Slashdot0811_adj/,469180,551724,0.001312,0.001312,0.357602,1,WARP 
soc-Slashdot0902_adj/,504230,602592,0.001418,0.001418,0.355564,1,WARP 

------------------------------------------------------------
Sender: LSF System <lsfadmin@batch2>
Subject: Job 505037: <bin_CTA_test> in cluster <summit> Done

Job <bin_CTA_test> was submitted from host <login3> by user <santoshp> in cluster <summit> at Wed Jul 10 19:29:49 2019
Job was executed on host(s) <1*batch2>, in queue <batch>, as user <santoshp> in cluster <summit> at Wed Jul 10 19:30:20 2019
                            <42*h36n02>
</ccs/home/santoshp> was used as the home directory.
</ccs/home/santoshp/TC_our/TriangleCounting_Hash_Based> was used as the working directory.
Started at Wed Jul 10 19:30:20 2019
Terminated at Wed Jul 10 19:42:38 2019
Results reported at Wed Jul 10 19:42:38 2019

The output (if any) is above this job summary.

