4 bins-----CTA-----1GPU-----no workload balance
amazon0302_adj/,899792,717719,0.002519,0.002519,0.357184,1,CTA 
amazon0312_adj/,2349869,3686467,0.007190,0.007190,0.326825,1,CTA 
amazon0505_adj/,2439437,3951063,0.007505,0.007505,0.325034,1,CTA 
amazon0601_adj/,2443408,3986507,0.007517,0.007517,0.325057,1,CTA 
as-caida20071105_adj/,53381,36365,0.000191,0.000191,0.279521,1,CTA 
as20000102_adj/,12572,6584,0.000076,0.000076,0.165300,1,CTA 
ca-AstroPh_adj/,198050,1351441,0.000859,0.000859,0.230553,1,CTA 
ca-CondMat_adj/,93439,173361,0.000319,0.000319,0.292908,1,CTA 
ca-GrQc_adj/,14484,48260,0.000088,0.000088,0.164635,1,CTA 
ca-HepPh_adj/,118489,3358444,0.001059,0.001059,0.111882,1,CTA 
ca-HepTh_adj/,25973,28339,0.000115,0.000115,0.225546,1,CTA 
cit-HepPh_adj/,420877,1276868,0.001626,0.001626,0.258840,1,CTA 
cit-HepTh_adj/,352285,1478735,0.001483,0.001483,0.237555,1,CTA 
cit-Patents_adj/,16518947,7515023,0.061348,0.061348,0.269266,1,CTA 
email-Enron_adj/,183831,727044,0.000681,0.000681,0.269973,1,CTA 
email-EuAll_adj/,364481,267313,0.001083,0.001083,0.336505,1,CTA 
facebook_combined_adj/,88234,1612010,0.000532,0.000532,0.165881,1,CTA 
flickrEdges_adj/,2316948,107423357,0.038714,0.038714,0.059848,1,CTA 
loc-gowalla_edges_adj/,950327,2273138,0.003142,0.003142,0.302448,1,CTA 
oregon1_010331_adj/,22002,17144,0.000093,0.000093,0.236623,1,CTA 
oregon1_010407_adj/,21999,15834,0.000093,0.000093,0.236591,1,CTA 
oregon1_010414_adj/,22469,18237,0.000098,0.000098,0.229299,1,CTA 
oregon1_010421_adj/,22747,19108,0.000097,0.000097,0.234417,1,CTA 
oregon1_010428_adj/,22493,17645,0.000094,0.000094,0.239448,1,CTA 
oregon1_010505_adj/,22607,17597,0.000094,0.000094,0.240661,1,CTA 
oregon1_010512_adj/,22677,17598,0.000094,0.000094,0.241407,1,CTA 
oregon1_010519_adj/,22724,17677,0.000095,0.000095,0.239476,1,CTA 
oregon1_010526_adj/,23409,19894,0.000097,0.000097,0.241239,1,CTA 
oregon2_010331_adj/,31180,82856,0.000126,0.000126,0.247218,1,CTA 
oregon2_010407_adj/,30855,78138,0.000131,0.000131,0.235300,1,CTA 
oregon2_010414_adj/,31761,88905,0.000132,0.000132,0.240461,1,CTA 
oregon2_010421_adj/,31538,82129,0.000143,0.000143,0.220467,1,CTA 
oregon2_010428_adj/,31434,78000,0.000126,0.000126,0.249704,1,CTA 
oregon2_010505_adj/,30943,72182,0.000124,0.000124,0.249585,1,CTA 
oregon2_010512_adj/,31303,72866,0.000126,0.000126,0.248193,1,CTA 
oregon2_010519_adj/,32287,83709,0.000132,0.000132,0.244885,1,CTA 
oregon2_010526_adj/,32730,89541,0.000132,0.000132,0.248245,1,CTA 
p2p-Gnutella04_adj/,39994,934,0.000137,0.000137,0.292242,1,CTA 
p2p-Gnutella05_adj/,31839,1112,0.000134,0.000134,0.237620,1,CTA 
p2p-Gnutella06_adj/,31525,1142,0.000118,0.000118,0.267663,1,CTA 
p2p-Gnutella08_adj/,20777,2383,0.000091,0.000091,0.228727,1,CTA 
p2p-Gnutella09_adj/,26013,2354,0.000105,0.000105,0.247407,1,CTA 
p2p-Gnutella24_adj/,65369,986,0.000193,0.000193,0.338491,1,CTA 
p2p-Gnutella25_adj/,54705,806,0.000168,0.000168,0.325460,1,CTA 
p2p-Gnutella30_adj/,88328,1590,0.000246,0.000246,0.358987,1,CTA 
p2p-Gnutella31_adj/,147892,2024,0.000380,0.000380,0.389149,1,CTA 
roadNet-CA_adj/,2766607,120676,0.006734,0.006734,0.410848,1,CTA 
roadNet-PA_adj/,1541898,67150,0.004254,0.004254,0.362470,1,CTA 
roadNet-TX_adj/,1921660,82869,0.005307,0.005307,0.362102,1,CTA 
soc-Epinions1_adj/,405740,1624481,0.002383,0.002383,0.170265,1,CTA 
soc-Slashdot0811_adj/,469180,551724,0.002169,0.002169,0.216322,1,CTA 
soc-Slashdot0902_adj/,504230,602592,0.002325,0.002325,0.216868,1,CTA 
16 bins-----CTA-----1GPU-----no workload balance
amazon0302_adj/,899792,717719,0.002471,0.002471,0.364145,1,CTA 
amazon0312_adj/,2349869,3686467,0.006826,0.006826,0.344257,1,CTA 
amazon0505_adj/,2439437,3951063,0.007098,0.007098,0.343681,1,CTA 
amazon0601_adj/,2443408,3986507,0.007110,0.007110,0.343652,1,CTA 
as-caida20071105_adj/,53381,36365,0.000177,0.000177,0.301341,1,CTA 
as20000102_adj/,12572,6584,0.000073,0.000073,0.172323,1,CTA 
ca-AstroPh_adj/,198050,1351441,0.000704,0.000704,0.281301,1,CTA 
ca-CondMat_adj/,93439,173361,0.000292,0.000292,0.319928,1,CTA 
ca-GrQc_adj/,14484,48260,0.000081,0.000081,0.178677,1,CTA 
ca-HepPh_adj/,118489,3358376,0.000672,0.000672,0.176359,1,CTA 
ca-HepTh_adj/,25973,28339,0.000109,0.000109,0.238378,1,CTA 
cit-HepPh_adj/,420877,1276868,0.001362,0.001362,0.308995,1,CTA 
cit-HepTh_adj/,352285,1478735,0.001221,0.001221,0.288536,1,CTA 
cit-Patents_adj/,16518947,7515023,0.058003,0.058003,0.284795,1,CTA 
email-Enron_adj/,183831,727044,0.000650,0.000650,0.282848,1,CTA 
email-EuAll_adj/,364481,267313,0.001081,0.001081,0.337173,1,CTA 
facebook_combined_adj/,88234,1612010,0.000432,0.000432,0.204239,1,CTA 
flickrEdges_adj/,2316948,107609169,0.027024,0.027024,0.085737,1,CTA 
loc-gowalla_edges_adj/,950327,2273138,0.003042,0.003042,0.312404,1,CTA 
oregon1_010331_adj/,22002,17144,0.000097,0.000097,0.226740,1,CTA 
oregon1_010407_adj/,21999,15834,0.000099,0.000099,0.222339,1,CTA 
oregon1_010414_adj/,22469,18237,0.000099,0.000099,0.227089,1,CTA 
oregon1_010421_adj/,22747,19108,0.000100,0.000100,0.227704,1,CTA 
oregon1_010428_adj/,22493,17645,0.000099,0.000099,0.227331,1,CTA 
oregon1_010505_adj/,22607,17597,0.000099,0.000099,0.228483,1,CTA 
oregon1_010512_adj/,22677,17598,0.000100,0.000100,0.227003,1,CTA 
oregon1_010519_adj/,22724,17677,0.000099,0.000099,0.229666,1,CTA 
oregon1_010526_adj/,23409,19894,0.000102,0.000102,0.229403,1,CTA 
oregon2_010331_adj/,31180,82856,0.000130,0.000130,0.239521,1,CTA 
oregon2_010407_adj/,30855,78138,0.000151,0.000151,0.204447,1,CTA 
oregon2_010414_adj/,31761,88905,0.000133,0.000133,0.238737,1,CTA 
oregon2_010421_adj/,31538,82129,0.000129,0.000129,0.244510,1,CTA 
oregon2_010428_adj/,31434,78000,0.000127,0.000127,0.247362,1,CTA 
oregon2_010505_adj/,30943,72182,0.000128,0.000128,0.241684,1,CTA 
oregon2_010512_adj/,31303,72866,0.000129,0.000129,0.242688,1,CTA 
oregon2_010519_adj/,32287,83709,0.000130,0.000130,0.248480,1,CTA 
oregon2_010526_adj/,32730,89541,0.000133,0.000133,0.246021,1,CTA 
p2p-Gnutella04_adj/,39994,934,0.000144,0.000144,0.277727,1,CTA 
p2p-Gnutella05_adj/,31839,1112,0.000125,0.000125,0.254852,1,CTA 
p2p-Gnutella06_adj/,31525,1142,0.000123,0.000123,0.256251,1,CTA 
p2p-Gnutella08_adj/,20777,2383,0.000096,0.000096,0.216241,1,CTA 
p2p-Gnutella09_adj/,26013,2354,0.000109,0.000109,0.238745,1,CTA 
p2p-Gnutella24_adj/,65369,986,0.000207,0.000207,0.315873,1,CTA 
p2p-Gnutella25_adj/,54705,806,0.000181,0.000181,0.302305,1,CTA 
p2p-Gnutella30_adj/,88328,1590,0.000262,0.000262,0.337101,1,CTA 
p2p-Gnutella31_adj/,147892,2024,0.000411,0.000411,0.359805,1,CTA 
roadNet-CA_adj/,2766607,120676,0.007584,0.007584,0.364802,1,CTA 
roadNet-PA_adj/,1541898,67150,0.004249,0.004249,0.362877,1,CTA 
roadNet-TX_adj/,1921660,82869,0.005295,0.005295,0.362917,1,CTA 
soc-Epinions1_adj/,405740,1624481,0.001766,0.001766,0.229755,1,CTA 
soc-Slashdot0811_adj/,469180,551724,0.001710,0.001710,0.274346,1,CTA 
soc-Slashdot0902_adj/,504230,602592,0.001843,0.001843,0.273596,1,CTA 
32 bins-----CTA-----1GPU-----no workload balance
amazon0302_adj/,899792,717719,0.002439,0.002439,0.368915,1,CTA 
amazon0312_adj/,2349869,3686467,0.006699,0.006699,0.350775,1,CTA 
amazon0505_adj/,2439437,3951063,0.006969,0.006969,0.350042,1,CTA 
amazon0601_adj/,2443408,3986507,0.006981,0.006981,0.350014,1,CTA 
as-caida20071105_adj/,53381,36365,0.000173,0.000173,0.308397,1,CTA 
as20000102_adj/,12572,6584,0.000073,0.000073,0.172323,1,CTA 
ca-AstroPh_adj/,198050,1351441,0.000667,0.000667,0.296990,1,CTA 
ca-CondMat_adj/,93439,173361,0.000286,0.000286,0.326593,1,CTA 
ca-GrQc_adj/,14484,48260,0.000082,0.000082,0.176600,1,CTA 
ca-HepPh_adj/,118489,3358368,0.000558,0.000558,0.212384,1,CTA 
ca-HepTh_adj/,25973,28339,0.000109,0.000109,0.238378,1,CTA 
cit-HepPh_adj/,420877,1276868,0.001274,0.001274,0.330330,1,CTA 
cit-HepTh_adj/,352285,1478735,0.001116,0.001116,0.315657,1,CTA 
cit-Patents_adj/,16518947,7515023,0.057428,0.057428,0.287646,1,CTA 
email-Enron_adj/,183831,727044,0.000592,0.000592,0.310529,1,CTA 
email-EuAll_adj/,364481,267313,0.001007,0.001007,0.361919,1,CTA 
facebook_combined_adj/,88234,1612010,0.000373,0.000373,0.236624,1,CTA 
flickrEdges_adj/,2316948,107835576,0.020652,0.020652,0.112190,1,CTA 
loc-gowalla_edges_adj/,950327,2273138,0.002842,0.002842,0.334365,1,CTA 
oregon1_010331_adj/,22002,17144,0.000097,0.000097,0.226740,1,CTA 
oregon1_010407_adj/,21999,15834,0.000113,0.000113,0.194663,1,CTA 
oregon1_010414_adj/,22469,18237,0.000096,0.000096,0.233851,1,CTA 
oregon1_010421_adj/,22747,19108,0.000097,0.000097,0.234417,1,CTA 
oregon1_010428_adj/,22493,17645,0.000097,0.000097,0.231800,1,CTA 
oregon1_010505_adj/,22607,17597,0.000098,0.000098,0.230707,1,CTA 
oregon1_010512_adj/,22677,17598,0.000097,0.000097,0.233696,1,CTA 
oregon1_010519_adj/,22724,17677,0.000097,0.000097,0.234757,1,CTA 
oregon1_010526_adj/,23409,19894,0.000100,0.000100,0.234330,1,CTA 
oregon2_010331_adj/,31180,82856,0.000141,0.000141,0.220909,1,CTA 
oregon2_010407_adj/,30855,78138,0.000123,0.000123,0.250805,1,CTA 
oregon2_010414_adj/,31761,88905,0.000129,0.000129,0.246239,1,CTA 
oregon2_010421_adj/,31538,82129,0.000126,0.000126,0.250057,1,CTA 
oregon2_010428_adj/,31434,78000,0.000142,0.000142,0.221586,1,CTA 
oregon2_010505_adj/,30943,72182,0.000123,0.000123,0.251520,1,CTA 
oregon2_010512_adj/,31303,72866,0.000124,0.000124,0.252489,1,CTA 
oregon2_010519_adj/,32287,83709,0.000127,0.000127,0.254074,1,CTA 
oregon2_010526_adj/,32730,89541,0.000129,0.000129,0.253752,1,CTA 
p2p-Gnutella04_adj/,39994,934,0.000141,0.000141,0.283836,1,CTA 
p2p-Gnutella05_adj/,31839,1112,0.000121,0.000121,0.263397,1,CTA 
p2p-Gnutella06_adj/,31525,1142,0.000119,0.000119,0.264451,1,CTA 
p2p-Gnutella08_adj/,20777,2383,0.000111,0.000111,0.187007,1,CTA 
p2p-Gnutella09_adj/,26013,2354,0.000105,0.000105,0.247969,1,CTA 
p2p-Gnutella24_adj/,65369,986,0.000202,0.000202,0.323322,1,CTA 
p2p-Gnutella25_adj/,54705,806,0.000176,0.000176,0.310907,1,CTA 
p2p-Gnutella30_adj/,88328,1590,0.000257,0.000257,0.343668,1,CTA 
p2p-Gnutella31_adj/,147892,2024,0.000401,0.000401,0.368790,1,CTA 
roadNet-CA_adj/,2766607,120676,0.007511,0.007511,0.368346,1,CTA 
roadNet-PA_adj/,1541898,67150,0.004212,0.004212,0.366060,1,CTA 
roadNet-TX_adj/,1921660,82869,0.005245,0.005245,0.366381,1,CTA 
soc-Epinions1_adj/,405740,1624481,0.001519,0.001519,0.267116,1,CTA 
soc-Slashdot0811_adj/,469180,551724,0.001529,0.001529,0.306858,1,CTA 
soc-Slashdot0902_adj/,504230,602592,0.001656,0.001656,0.304477,1,CTA 
128 bins-----CTA-----1GPU-----no workload balance
amazon0302_adj/,899792,717719,0.002448,0.002448,0.367550,1,CTA 
amazon0312_adj/,2349869,3686457,0.006720,0.006720,0.349692,1,CTA 
amazon0505_adj/,2439437,3951053,0.006981,0.006981,0.349445,1,CTA 
amazon0601_adj/,2443408,3986489,0.006994,0.006994,0.349357,1,CTA 
as-caida20071105_adj/,53381,36365,0.000170,0.000170,0.314020,1,CTA 
as20000102_adj/,12572,6584,0.000071,0.000071,0.176949,1,CTA 
ca-AstroPh_adj/,198050,1351421,0.000599,0.000599,0.330554,1,CTA 
ca-CondMat_adj/,93439,173361,0.000280,0.000280,0.333542,1,CTA 
ca-GrQc_adj/,14484,48260,0.000080,0.000080,0.180804,1,CTA 
ca-HepPh_adj/,118489,3341637,0.000482,0.000482,0.245907,1,CTA 
ca-HepTh_adj/,25973,28339,0.000108,0.000108,0.240483,1,CTA 
cit-HepPh_adj/,420877,1276862,0.001201,0.001201,0.350464,1,CTA 
cit-HepTh_adj/,352285,1478707,0.001029,0.001029,0.342352,1,CTA 
cit-Patents_adj/,16518947,7515020,0.058193,0.058193,0.283864,1,CTA 
email-Enron_adj/,183831,727034,0.000494,0.000494,0.372125,1,CTA 
email-EuAll_adj/,364481,267312,0.000865,0.000865,0.421374,1,CTA 
facebook_combined_adj/,88234,1611143,0.000281,0.000281,0.314160,1,CTA 
flickrEdges_adj/,2316948,107382279,0.014146,0.014146,0.163787,1,CTA 
loc-gowalla_edges_adj/,950327,2273117,0.002354,0.002354,0.403682,1,CTA 
oregon1_010331_adj/,22002,17144,0.000086,0.000086,0.256342,1,CTA 
oregon1_010407_adj/,21999,15834,0.000088,0.000088,0.250056,1,CTA 
oregon1_010414_adj/,22469,18237,0.000088,0.000088,0.254708,1,CTA 
oregon1_010421_adj/,22747,19108,0.000088,0.000088,0.258558,1,CTA 
oregon1_010428_adj/,22493,17645,0.000088,0.000088,0.255671,1,CTA 
oregon1_010505_adj/,22607,17597,0.000107,0.000107,0.211182,1,CTA 
oregon1_010512_adj/,22677,17598,0.000088,0.000088,0.257762,1,CTA 
oregon1_010519_adj/,22724,17675,0.000089,0.000089,0.254843,1,CTA 
oregon1_010526_adj/,23409,19894,0.000090,0.000090,0.260436,1,CTA 
oregon2_010331_adj/,31180,82856,0.000131,0.000131,0.237779,1,CTA 
oregon2_010407_adj/,30855,78138,0.000110,0.000110,0.280727,1,CTA 
oregon2_010414_adj/,31761,88899,0.000111,0.000111,0.285870,1,CTA 
oregon2_010421_adj/,31538,82127,0.000129,0.000129,0.244510,1,CTA 
oregon2_010428_adj/,31434,78000,0.000110,0.000110,0.285376,1,CTA 
oregon2_010505_adj/,30943,72182,0.000109,0.000109,0.283992,1,CTA 
oregon2_010512_adj/,31303,72866,0.000107,0.000107,0.292415,1,CTA 
oregon2_010519_adj/,32287,83709,0.000111,0.000111,0.291229,1,CTA 
oregon2_010526_adj/,32730,89538,0.000114,0.000114,0.287196,1,CTA 
p2p-Gnutella04_adj/,39994,934,0.000124,0.000124,0.322590,1,CTA 
p2p-Gnutella05_adj/,31839,1112,0.000107,0.000107,0.297422,1,CTA 
p2p-Gnutella06_adj/,31525,1142,0.000109,0.000109,0.289334,1,CTA 
p2p-Gnutella08_adj/,20777,2383,0.000103,0.000103,0.201725,1,CTA 
p2p-Gnutella09_adj/,26013,2354,0.000095,0.000095,0.273450,1,CTA 
p2p-Gnutella24_adj/,65369,986,0.000175,0.000175,0.373539,1,CTA 
p2p-Gnutella25_adj/,54705,806,0.000152,0.000152,0.360203,1,CTA 
p2p-Gnutella30_adj/,88328,1590,0.000223,0.000223,0.395806,1,CTA 
p2p-Gnutella31_adj/,147892,2024,0.000343,0.000343,0.431366,1,CTA 
roadNet-CA_adj/,2766607,120676,0.006717,0.006717,0.411883,1,CTA 
roadNet-PA_adj/,1541898,67150,0.003760,0.003760,0.410094,1,CTA 
roadNet-TX_adj/,1921660,82869,0.005284,0.005284,0.363670,1,CTA 
soc-Epinions1_adj/,405740,1624460,0.001301,0.001301,0.311913,1,CTA 
soc-Slashdot0811_adj/,469180,551717,0.001374,0.001374,0.341469,1,CTA 
soc-Slashdot0902_adj/,504230,602584,0.001491,0.001491,0.338221,1,CTA 
256 bins-----CTA-----1GPU-----no workload balance
amazon0302_adj/,899792,717718,0.002503,0.002503,0.359497,1,CTA 
amazon0312_adj/,2349869,3686454,0.006890,0.006890,0.341064,1,CTA 
amazon0505_adj/,2439437,3951053,0.007250,0.007250,0.336471,1,CTA 
amazon0601_adj/,2443408,3986497,0.007174,0.007174,0.340591,1,CTA 
as-caida20071105_adj/,53381,36365,0.000171,0.000171,0.312268,1,CTA 
as20000102_adj/,12572,6584,0.000073,0.000073,0.172323,1,CTA 
ca-AstroPh_adj/,198050,1351439,0.000600,0.000600,0.330029,1,CTA 
ca-CondMat_adj/,93439,173352,0.000285,0.000285,0.327959,1,CTA 
ca-GrQc_adj/,14484,48260,0.000080,0.000080,0.180804,1,CTA 
ca-HepPh_adj/,118489,3349227,0.000475,0.000475,0.249487,1,CTA 
ca-HepTh_adj/,25973,28339,0.000110,0.000110,0.236309,1,CTA 
cit-HepPh_adj/,420877,1276865,0.001215,0.001215,0.346338,1,CTA 
cit-HepTh_adj/,352285,1478721,0.001033,0.001033,0.341009,1,CTA 
cit-Patents_adj/,16518947,7515022,0.061475,0.061475,0.268711,1,CTA 
email-Enron_adj/,183831,727037,0.000473,0.000473,0.388631,1,CTA 
email-EuAll_adj/,364481,267310,0.000904,0.000904,0.403150,1,CTA 
facebook_combined_adj/,88234,1611394,0.000295,0.000295,0.299176,1,CTA 
flickrEdges_adj/,2316948,107534785,0.014180,0.014180,0.163393,1,CTA 
loc-gowalla_edges_adj/,950327,2273111,0.002374,0.002374,0.400277,1,CTA 
oregon1_010331_adj/,22002,17144,0.000105,0.000105,0.209734,1,CTA 
oregon1_010407_adj/,21999,15834,0.000089,0.000089,0.246713,1,CTA 
oregon1_010414_adj/,22469,18237,0.000090,0.000090,0.249978,1,CTA 
oregon1_010421_adj/,22747,19108,0.000089,0.000089,0.255785,1,CTA 
oregon1_010428_adj/,22493,17645,0.000091,0.000091,0.246970,1,CTA 
oregon1_010505_adj/,22607,17596,0.000090,0.000090,0.251514,1,CTA 
oregon1_010512_adj/,22677,17597,0.000090,0.000090,0.251625,1,CTA 
oregon1_010519_adj/,22724,17677,0.000091,0.000091,0.250161,1,CTA 
oregon1_010526_adj/,23409,19894,0.000090,0.000090,0.260436,1,CTA 
oregon2_010331_adj/,31180,82855,0.000129,0.000129,0.241735,1,CTA 
oregon2_010407_adj/,30855,78138,0.000110,0.000110,0.280727,1,CTA 
oregon2_010414_adj/,31761,88902,0.000113,0.000113,0.281045,1,CTA 
oregon2_010421_adj/,31538,82129,0.000112,0.000112,0.282047,1,CTA 
oregon2_010428_adj/,31434,78000,0.000111,0.000111,0.283535,1,CTA 
oregon2_010505_adj/,30943,72182,0.000109,0.000109,0.283992,1,CTA 
oregon2_010512_adj/,31303,72866,0.000110,0.000110,0.284803,1,CTA 
oregon2_010519_adj/,32287,83709,0.000111,0.000111,0.290604,1,CTA 
oregon2_010526_adj/,32730,89538,0.000116,0.000116,0.282468,1,CTA 
p2p-Gnutella04_adj/,39994,934,0.000146,0.000146,0.274096,1,CTA 
p2p-Gnutella05_adj/,31839,1112,0.000110,0.000110,0.289053,1,CTA 
p2p-Gnutella06_adj/,31525,1142,0.000109,0.000109,0.289334,1,CTA 
p2p-Gnutella08_adj/,20777,2383,0.000086,0.000086,0.241399,1,CTA 
p2p-Gnutella09_adj/,26013,2354,0.000097,0.000097,0.268075,1,CTA 
p2p-Gnutella24_adj/,65369,986,0.000179,0.000179,0.365083,1,CTA 
p2p-Gnutella25_adj/,54705,806,0.000157,0.000157,0.348178,1,CTA 
p2p-Gnutella30_adj/,88328,1590,0.000227,0.000227,0.389154,1,CTA 
p2p-Gnutella31_adj/,147892,2024,0.000350,0.000350,0.422550,1,CTA 
roadNet-CA_adj/,2766607,120676,0.006879,0.006879,0.402176,1,CTA 
roadNet-PA_adj/,1541898,67150,0.003836,0.003836,0.401963,1,CTA 
roadNet-TX_adj/,1921660,82869,0.005399,0.005399,0.355930,1,CTA 
soc-Epinions1_adj/,405740,1624455,0.001284,0.001284,0.315967,1,CTA 
soc-Slashdot0811_adj/,469180,551723,0.001372,0.001372,0.341943,1,CTA 
soc-Slashdot0902_adj/,504230,602580,0.001477,0.001477,0.341387,1,CTA 
---------------------------------------------------------------------------------------------------------------------
4 bins-----warp-----1GPU-----no workload balance
amazon0302_adj/,899792,717719,0.000852,0.000852,1.055960,1,WARP 
amazon0312_adj/,2349869,3686467,0.002458,0.002458,0.955971,1,WARP 
amazon0505_adj/,2439437,3951063,0.002576,0.002576,0.947033,1,WARP 
amazon0601_adj/,2443408,3986507,0.002579,0.002579,0.947434,1,WARP 
as-caida20071105_adj/,53381,36365,0.000091,0.000091,0.586116,1,WARP 
as20000102_adj/,12572,6584,0.000055,0.000055,0.229264,1,WARP 
ca-AstroPh_adj/,198050,1351441,0.000324,0.000324,0.611245,1,WARP 
ca-CondMat_adj/,93439,173361,0.000132,0.000132,0.708701,1,WARP 
ca-GrQc_adj/,14484,48260,0.000057,0.000057,0.254185,1,WARP 
ca-HepPh_adj/,118489,3358499,0.000566,0.000566,0.209342,1,WARP 
ca-HepTh_adj/,25973,28339,0.000065,0.000065,0.400510,1,WARP 
cit-HepPh_adj/,420877,1276868,0.000561,0.000561,0.750228,1,WARP 
cit-HepTh_adj/,352285,1478735,0.000536,0.000536,0.657291,1,WARP 
cit-Patents_adj/,16518947,7515023,0.022732,0.022732,0.726690,1,WARP 
email-Enron_adj/,183831,727044,0.000310,0.000310,0.593110,1,WARP 
email-EuAll_adj/,364481,267313,0.000488,0.000488,0.746822,1,WARP 
facebook_combined_adj/,88234,1612010,0.000300,0.000300,0.293948,1,WARP 
flickrEdges_adj/,2316948,107987357,0.040828,0.040828,0.056749,1,WARP 
loc-gowalla_edges_adj/,950327,2273138,0.001332,0.001332,0.713435,1,WARP 
oregon1_010331_adj/,22002,17144,0.000063,0.000063,0.349557,1,WARP 
oregon1_010407_adj/,21999,15834,0.000063,0.000063,0.349509,1,WARP 
oregon1_010414_adj/,22469,18237,0.000063,0.000063,0.356977,1,WARP 
oregon1_010421_adj/,22747,19108,0.000064,0.000064,0.355999,1,WARP 
oregon1_010428_adj/,22493,17645,0.000081,0.000081,0.277478,1,WARP 
oregon1_010505_adj/,22607,17597,0.000063,0.000063,0.357814,1,WARP 
oregon1_010512_adj/,22677,17598,0.000063,0.000063,0.358922,1,WARP 
oregon1_010519_adj/,22724,17677,0.000064,0.000064,0.355639,1,WARP 
oregon1_010526_adj/,23409,19894,0.000073,0.000073,0.320864,1,WARP 
oregon2_010331_adj/,31180,82856,0.000076,0.000076,0.409964,1,WARP 
oregon2_010407_adj/,30855,78138,0.000078,0.000078,0.395765,1,WARP 
oregon2_010414_adj/,31761,88905,0.000078,0.000078,0.407386,1,WARP 
oregon2_010421_adj/,31538,82129,0.000076,0.000076,0.414671,1,WARP 
oregon2_010428_adj/,31434,78000,0.000077,0.000077,0.408185,1,WARP 
oregon2_010505_adj/,30943,72182,0.000074,0.000074,0.418659,1,WARP 
oregon2_010512_adj/,31303,72866,0.000075,0.000075,0.416807,1,WARP 
oregon2_010519_adj/,32287,83709,0.000077,0.000077,0.419262,1,WARP 
oregon2_010526_adj/,32730,89541,0.000077,0.000077,0.425014,1,WARP 
p2p-Gnutella04_adj/,39994,934,0.000078,0.000078,0.512988,1,WARP 
p2p-Gnutella05_adj/,31839,1112,0.000070,0.000070,0.454226,1,WARP 
p2p-Gnutella06_adj/,31525,1142,0.000071,0.000071,0.443710,1,WARP 
p2p-Gnutella08_adj/,20777,2383,0.000062,0.000062,0.335173,1,WARP 
p2p-Gnutella09_adj/,26013,2354,0.000067,0.000067,0.388279,1,WARP 
p2p-Gnutella24_adj/,65369,986,0.000099,0.000099,0.660669,1,WARP 
p2p-Gnutella25_adj/,54705,806,0.000106,0.000106,0.516778,1,WARP 
p2p-Gnutella30_adj/,88328,1590,0.000116,0.000116,0.760728,1,WARP 
p2p-Gnutella31_adj/,147892,2024,0.000166,0.000166,0.889963,1,WARP 
roadNet-CA_adj/,2766607,120676,0.002298,0.002298,1.203983,1,WARP 
roadNet-PA_adj/,1541898,67150,0.001303,0.001303,1.183383,1,WARP 
roadNet-TX_adj/,1921660,82869,0.001619,0.001619,1.186869,1,WARP 
soc-Epinions1_adj/,405740,1624481,0.001023,0.001023,0.396597,1,WARP 
soc-Slashdot0811_adj/,469180,551724,0.000827,0.000827,0.567277,1,WARP 
soc-Slashdot0902_adj/,504230,602592,0.000873,0.000873,0.577524,1,WARP 
16 bins-----Warp-----1GPU-----no workload balance
amazon0302_adj/,899792,717719,0.000835,0.000835,1.077670,1,WARP 
amazon0312_adj/,2349869,3686467,0.002362,0.002362,0.994859,1,WARP 
amazon0505_adj/,2439437,3951063,0.002471,0.002471,0.987239,1,WARP 
amazon0601_adj/,2443408,3986507,0.002468,0.002468,0.990088,1,WARP 
as-caida20071105_adj/,53381,36365,0.000086,0.000086,0.620211,1,WARP 
as20000102_adj/,12572,6584,0.000052,0.000052,0.241884,1,WARP 
ca-AstroPh_adj/,198050,1351441,0.000274,0.000274,0.722961,1,WARP 
ca-CondMat_adj/,93439,173361,0.000125,0.000125,0.746498,1,WARP 
ca-GrQc_adj/,14484,48260,0.000057,0.000057,0.254185,1,WARP 
ca-HepPh_adj/,118489,3358499,0.000362,0.000362,0.327391,1,WARP 
ca-HepTh_adj/,25973,28339,0.000065,0.000065,0.400510,1,WARP 
cit-HepPh_adj/,420877,1276868,0.000493,0.000493,0.853620,1,WARP 
cit-HepTh_adj/,352285,1478735,0.000444,0.000444,0.793124,1,WARP 
cit-Patents_adj/,16518947,7515023,0.019487,0.019487,0.847684,1,WARP 
email-Enron_adj/,183831,727044,0.000277,0.000277,0.664120,1,WARP 
email-EuAll_adj/,364481,267313,0.000433,0.000433,0.841819,1,WARP 
facebook_combined_adj/,88234,1612010,0.000218,0.000218,0.404459,1,WARP 
flickrEdges_adj/,2316948,107987357,0.026862,0.026862,0.086254,1,WARP 
loc-gowalla_edges_adj/,950327,2273138,0.001111,0.001111,0.855540,1,WARP 
oregon1_010331_adj/,22002,17144,0.000062,0.000062,0.354935,1,WARP 
oregon1_010407_adj/,21999,15834,0.000080,0.000080,0.274615,1,WARP 
oregon1_010414_adj/,22469,18237,0.000061,0.000061,0.368132,1,WARP 
oregon1_010421_adj/,22747,19108,0.000062,0.000062,0.366953,1,WARP 
oregon1_010428_adj/,22493,17645,0.000063,0.000063,0.356009,1,WARP 
oregon1_010505_adj/,22607,17597,0.000063,0.000063,0.359169,1,WARP 
oregon1_010512_adj/,22677,17598,0.000061,0.000061,0.371540,1,WARP 
oregon1_010519_adj/,22724,17677,0.000064,0.000064,0.355639,1,WARP 
oregon1_010526_adj/,23409,19894,0.000064,0.000064,0.364998,1,WARP 
oregon2_010331_adj/,31180,82856,0.000075,0.000075,0.415170,1,WARP 
oregon2_010407_adj/,30855,78138,0.000072,0.000072,0.428527,1,WARP 
oregon2_010414_adj/,31761,88905,0.000092,0.000092,0.346014,1,WARP 
oregon2_010421_adj/,31538,82129,0.000073,0.000073,0.432287,1,WARP 
oregon2_010428_adj/,31434,78000,0.000073,0.000073,0.430862,1,WARP 
oregon2_010505_adj/,30943,72182,0.000070,0.000070,0.442950,1,WARP 
oregon2_010512_adj/,31303,72866,0.000071,0.000071,0.440585,1,WARP 
oregon2_010519_adj/,32287,83709,0.000072,0.000072,0.448416,1,WARP 
oregon2_010526_adj/,32730,89541,0.000074,0.000074,0.442837,1,WARP 
p2p-Gnutella04_adj/,39994,934,0.000078,0.000078,0.512988,1,WARP 
p2p-Gnutella05_adj/,31839,1112,0.000070,0.000070,0.454226,1,WARP 
p2p-Gnutella06_adj/,31525,1142,0.000070,0.000070,0.451281,1,WARP 
p2p-Gnutella08_adj/,20777,2383,0.000059,0.000059,0.352814,1,WARP 
p2p-Gnutella09_adj/,26013,2354,0.000065,0.000065,0.399657,1,WARP 
p2p-Gnutella24_adj/,65369,986,0.000095,0.000095,0.688888,1,WARP 
p2p-Gnutella25_adj/,54705,806,0.000088,0.000088,0.620134,1,WARP 
p2p-Gnutella30_adj/,88328,1590,0.000112,0.000112,0.789924,1,WARP 
p2p-Gnutella31_adj/,147892,2024,0.000162,0.000162,0.913555,1,WARP 
roadNet-CA_adj/,2766607,120676,0.002291,0.002291,1.207617,1,WARP 
roadNet-PA_adj/,1541898,67150,0.001301,0.001301,1.185118,1,WARP 
roadNet-TX_adj/,1921660,82869,0.001612,0.001612,1.192135,1,WARP 
soc-Epinions1_adj/,405740,1624481,0.000759,0.000759,0.534484,1,WARP 
soc-Slashdot0811_adj/,469180,551724,0.000661,0.000661,0.709659,1,WARP 
soc-Slashdot0902_adj/,504230,602592,0.000708,0.000708,0.712085,1,WARP 
32 bins-----Warp-----1GPU-----no workload balance
amazon0302_adj/,899792,717719,0.000826,0.000826,1.089178,1,WARP 
amazon0312_adj/,2349869,3686467,0.002334,0.002334,1.006748,1,WARP 
amazon0505_adj/,2439437,3951063,0.002423,0.002423,1.006764,1,WARP 
amazon0601_adj/,2443408,3986507,0.002434,0.002434,1.003859,1,WARP 
as-caida20071105_adj/,53381,36365,0.000086,0.000086,0.621934,1,WARP 
as20000102_adj/,12572,6584,0.000054,0.000054,0.233322,1,WARP 
ca-AstroPh_adj/,198050,1351441,0.000256,0.000256,0.773447,1,WARP 
ca-CondMat_adj/,93439,173361,0.000138,0.000138,0.676877,1,WARP 
ca-GrQc_adj/,14484,48260,0.000059,0.000059,0.245953,1,WARP 
ca-HepPh_adj/,118489,3358499,0.000320,0.000320,0.370327,1,WARP 
ca-HepTh_adj/,25973,28339,0.000068,0.000068,0.382241,1,WARP 
cit-HepPh_adj/,420877,1276868,0.000477,0.000477,0.882202,1,WARP 
cit-HepTh_adj/,352285,1478735,0.000439,0.000439,0.802166,1,WARP 
cit-Patents_adj/,16518947,7515023,0.019141,0.019141,0.863016,1,WARP 
email-Enron_adj/,183831,727044,0.000244,0.000244,0.753708,1,WARP 
email-EuAll_adj/,364481,267313,0.000403,0.000403,0.904582,1,WARP 
facebook_combined_adj/,88234,1612010,0.000204,0.000204,0.432337,1,WARP 
flickrEdges_adj/,2316948,107987357,0.021644,0.021644,0.107049,1,WARP 
loc-gowalla_edges_adj/,950327,2273138,0.001051,0.001051,0.904051,1,WARP 
oregon1_010331_adj/,22002,17144,0.000061,0.000061,0.360481,1,WARP 
oregon1_010407_adj/,21999,15834,0.000060,0.000060,0.367612,1,WARP 
oregon1_010414_adj/,22469,18237,0.000063,0.000063,0.356977,1,WARP 
oregon1_010421_adj/,22747,19108,0.000062,0.000062,0.366953,1,WARP 
oregon1_010428_adj/,22493,17645,0.000062,0.000062,0.362856,1,WARP 
oregon1_010505_adj/,22607,17597,0.000062,0.000062,0.364695,1,WARP 
oregon1_010512_adj/,22677,17598,0.000063,0.000063,0.360281,1,WARP 
oregon1_010519_adj/,22724,17677,0.000062,0.000062,0.366582,1,WARP 
oregon1_010526_adj/,23409,19894,0.000062,0.000062,0.377633,1,WARP 
oregon2_010331_adj/,31180,82856,0.000072,0.000072,0.433041,1,WARP 
oregon2_010407_adj/,30855,78138,0.000070,0.000070,0.440188,1,WARP 
oregon2_010414_adj/,31761,88905,0.000074,0.000074,0.429727,1,WARP 
oregon2_010421_adj/,31538,82129,0.000072,0.000072,0.438013,1,WARP 
oregon2_010428_adj/,31434,78000,0.000070,0.000070,0.448448,1,WARP 
oregon2_010505_adj/,30943,72182,0.000070,0.000070,0.441443,1,WARP 
oregon2_010512_adj/,31303,72866,0.000072,0.000072,0.434749,1,WARP 
oregon2_010519_adj/,32287,83709,0.000071,0.000071,0.455965,1,WARP 
oregon2_010526_adj/,32730,89541,0.000073,0.000073,0.448626,1,WARP 
p2p-Gnutella04_adj/,39994,934,0.000075,0.000075,0.534226,1,WARP 
p2p-Gnutella05_adj/,31839,1112,0.000069,0.000069,0.462085,1,WARP 
p2p-Gnutella06_adj/,31525,1142,0.000070,0.000070,0.449746,1,WARP 
p2p-Gnutella08_adj/,20777,2383,0.000060,0.000060,0.345814,1,WARP 
p2p-Gnutella09_adj/,26013,2354,0.000063,0.000063,0.413282,1,WARP 
p2p-Gnutella24_adj/,65369,986,0.000094,0.000094,0.695882,1,WARP 
p2p-Gnutella25_adj/,54705,806,0.000085,0.000085,0.642715,1,WARP 
p2p-Gnutella30_adj/,88328,1590,0.000114,0.000114,0.775051,1,WARP 
p2p-Gnutella31_adj/,147892,2024,0.000159,0.000159,0.929991,1,WARP 
roadNet-CA_adj/,2766607,120676,0.002270,0.002270,1.218779,1,WARP 
roadNet-PA_adj/,1541898,67150,0.001290,0.001290,1.195193,1,WARP 
roadNet-TX_adj/,1921660,82869,0.001598,0.001598,1.202451,1,WARP 
soc-Epinions1_adj/,405740,1624481,0.000689,0.000689,0.588857,1,WARP 
soc-Slashdot0811_adj/,469180,551724,0.000615,0.000615,0.763041,1,WARP 
soc-Slashdot0902_adj/,504230,602592,0.000653,0.000653,0.772141,1,WARP 
128 bins----Warp-----1GPU-----no workload balance
amazon0302_adj/,899792,717719,0.000866,0.000866,1.039097,1,WARP 
amazon0312_adj/,2349869,3686467,0.002438,0.002438,0.963824,1,WARP 
amazon0505_adj/,2439437,3951063,0.002548,0.002548,0.957401,1,WARP 
amazon0601_adj/,2443408,3986507,0.002547,0.002547,0.959318,1,WARP 
as-caida20071105_adj/,53381,36365,0.000089,0.000089,0.600258,1,WARP 
as20000102_adj/,12572,6584,0.000055,0.000055,0.229264,1,WARP 
ca-AstroPh_adj/,198050,1351441,0.000274,0.000274,0.722961,1,WARP 
ca-CondMat_adj/,93439,173361,0.000129,0.000129,0.724421,1,WARP 
ca-GrQc_adj/,14484,48260,0.000060,0.000060,0.241073,1,WARP 
ca-HepPh_adj/,118489,3358499,0.000364,0.000364,0.325461,1,WARP 
ca-HepTh_adj/,25973,28339,0.000083,0.000083,0.313042,1,WARP 
cit-HepPh_adj/,420877,1276868,0.000501,0.000501,0.840212,1,WARP 
cit-HepTh_adj/,352285,1478735,0.000452,0.000452,0.779320,1,WARP 
cit-Patents_adj/,16518947,7515023,0.020092,0.020092,0.822165,1,WARP 
email-Enron_adj/,183831,727044,0.000260,0.000260,0.706731,1,WARP 
email-EuAll_adj/,364481,267313,0.000429,0.000429,0.849774,1,WARP 
facebook_combined_adj/,88234,1612010,0.000210,0.000210,0.420068,1,WARP 
flickrEdges_adj/,2316948,107987357,0.020118,0.020118,0.115168,1,WARP 
loc-gowalla_edges_adj/,950327,2273138,0.001166,0.001166,0.814958,1,WARP 
oregon1_010331_adj/,22002,17144,0.000062,0.000062,0.354935,1,WARP 
oregon1_010407_adj/,21999,15834,0.000063,0.000063,0.349509,1,WARP 
oregon1_010414_adj/,22469,18237,0.000064,0.000064,0.351649,1,WARP 
oregon1_010421_adj/,22747,19108,0.000064,0.000064,0.354676,1,WARP 
oregon1_010428_adj/,22493,17645,0.000063,0.000063,0.357358,1,WARP 
oregon1_010505_adj/,22607,17597,0.000063,0.000063,0.359169,1,WARP 
oregon1_010512_adj/,22677,17598,0.000066,0.000066,0.344617,1,WARP 
oregon1_010519_adj/,22724,17677,0.000082,0.000082,0.277068,1,WARP 
oregon1_010526_adj/,23409,19894,0.000065,0.000065,0.360972,1,WARP 
oregon2_010331_adj/,31180,82856,0.000074,0.000074,0.420509,1,WARP 
oregon2_010407_adj/,30855,78138,0.000075,0.000075,0.412150,1,WARP 
oregon2_010414_adj/,31761,88905,0.000077,0.000077,0.412431,1,WARP 
oregon2_010421_adj/,31538,82129,0.000074,0.000074,0.426710,1,WARP 
oregon2_010428_adj/,31434,78000,0.000075,0.000075,0.418552,1,WARP 
oregon2_010505_adj/,30943,72182,0.000073,0.000073,0.424132,1,WARP 
oregon2_010512_adj/,31303,72866,0.000073,0.000073,0.429066,1,WARP 
oregon2_010519_adj/,32287,83709,0.000074,0.000074,0.436844,1,WARP 
oregon2_010526_adj/,32730,89541,0.000075,0.000075,0.435808,1,WARP 
p2p-Gnutella04_adj/,39994,934,0.000080,0.000080,0.500737,1,WARP 
p2p-Gnutella05_adj/,31839,1112,0.000073,0.000073,0.436413,1,WARP 
p2p-Gnutella06_adj/,31525,1142,0.000071,0.000071,0.445203,1,WARP 
p2p-Gnutella08_adj/,20777,2383,0.000064,0.000064,0.323959,1,WARP 
p2p-Gnutella09_adj/,26013,2354,0.000066,0.000066,0.393886,1,WARP 
p2p-Gnutella24_adj/,65369,986,0.000097,0.000097,0.673655,1,WARP 
p2p-Gnutella25_adj/,54705,806,0.000089,0.000089,0.615146,1,WARP 
p2p-Gnutella30_adj/,88328,1590,0.000115,0.000115,0.768619,1,WARP 
p2p-Gnutella31_adj/,147892,2024,0.000170,0.000170,0.869992,1,WARP 
roadNet-CA_adj/,2766607,120676,0.002352,0.002352,1.176279,1,WARP 
roadNet-PA_adj/,1541898,67150,0.001336,0.001336,1.154031,1,WARP 
roadNet-TX_adj/,1921660,82869,0.001659,0.001659,1.158216,1,WARP 
soc-Epinions1_adj/,405740,1624481,0.000745,0.000745,0.544575,1,WARP 
soc-Slashdot0811_adj/,469180,551724,0.000651,0.000651,0.720836,1,WARP 
soc-Slashdot0902_adj/,504230,602592,0.000706,0.000706,0.714250,1,WARP 
256 bins-----Warp-----1GPU-----no workload balance
amazon0302_adj/,899792,717719,0.000905,0.000905,0.994467,1,WARP 
amazon0312_adj/,2349869,3686467,0.002569,0.002569,0.914716,1,WARP 
amazon0505_adj/,2439437,3951063,0.002690,0.002690,0.906908,1,WARP 
amazon0601_adj/,2443408,3986507,0.002687,0.002687,0.909352,1,WARP 
as-caida20071105_adj/,53381,36365,0.000097,0.000097,0.550113,1,WARP 
as20000102_adj/,12572,6584,0.000057,0.000057,0.220631,1,WARP 
ca-AstroPh_adj/,198050,1351441,0.000326,0.000326,0.607668,1,WARP 
ca-CondMat_adj/,93439,173361,0.000135,0.000135,0.691202,1,WARP 
ca-GrQc_adj/,14484,48260,0.000064,0.000064,0.225838,1,WARP 
ca-HepPh_adj/,118489,3358499,0.000448,0.000448,0.264491,1,WARP 
ca-HepTh_adj/,25973,28339,0.000074,0.000074,0.350285,1,WARP 
cit-HepPh_adj/,420877,1276868,0.000561,0.000561,0.750228,1,WARP 
cit-HepTh_adj/,352285,1478735,0.000501,0.000501,0.703280,1,WARP 
cit-Patents_adj/,16518947,7515023,0.021168,0.021168,0.780374,1,WARP 
email-Enron_adj/,183831,727044,0.000306,0.000306,0.600501,1,WARP 
email-EuAll_adj/,364481,267313,0.000482,0.000482,0.756055,1,WARP 
facebook_combined_adj/,88234,1612010,0.000226,0.000226,0.390380,1,WARP 
flickrEdges_adj/,2316948,107987357,0.023975,0.023975,0.096640,1,WARP
loc-gowalla_edges_adj/,950327,2273138,0.001387,0.001387,0.685226,1,WARP 
oregon1_010331_adj/,22002,17144,0.000067,0.000067,0.328410,1,WARP 
oregon1_010407_adj/,21999,15834,0.000066,0.000066,0.334313,1,WARP 
oregon1_010414_adj/,22469,18237,0.000067,0.000067,0.335380,1,WARP 
oregon1_010421_adj/,22747,19108,0.000067,0.000067,0.339530,1,WARP 
oregon1_010428_adj/,22493,17645,0.000067,0.000067,0.335738,1,WARP 
oregon1_010505_adj/,22607,17597,0.000066,0.000066,0.342313,1,WARP 
oregon1_010512_adj/,22677,17598,0.000066,0.000066,0.343373,1,WARP 
oregon1_010519_adj/,22724,17677,0.000066,0.000066,0.344084,1,WARP 
oregon1_010526_adj/,23409,19894,0.000066,0.000066,0.354457,1,WARP 
oregon2_010331_adj/,31180,82856,0.000078,0.000078,0.399934,1,WARP 
oregon2_010407_adj/,30855,78138,0.000078,0.000078,0.394559,1,WARP 
oregon2_010414_adj/,31761,88905,0.000082,0.000082,0.387254,1,WARP 
oregon2_010421_adj/,31538,82129,0.000078,0.000078,0.404526,1,WARP 
oregon2_010428_adj/,31434,78000,0.000080,0.000080,0.392392,1,WARP 
oregon2_010505_adj/,30943,72182,0.000077,0.000077,0.401809,1,WARP 
oregon2_010512_adj/,31303,72866,0.000077,0.000077,0.406484,1,WARP 
oregon2_010519_adj/,32287,83709,0.000079,0.000079,0.407896,1,WARP 
oregon2_010526_adj/,32730,89541,0.000080,0.000080,0.408570,1,WARP 
p2p-Gnutella04_adj/,39994,934,0.000081,0.000081,0.493374,1,WARP 
p2p-Gnutella05_adj/,31839,1112,0.000074,0.000074,0.429397,1,WARP 
p2p-Gnutella06_adj/,31525,1142,0.000074,0.000074,0.426534,1,WARP 
p2p-Gnutella08_adj/,20777,2383,0.000065,0.000065,0.319213,1,WARP 
p2p-Gnutella09_adj/,26013,2354,0.000070,0.000070,0.371110,1,WARP 
p2p-Gnutella24_adj/,65369,986,0.000100,0.000100,0.654361,1,WARP 
p2p-Gnutella25_adj/,54705,806,0.000093,0.000093,0.586827,1,WARP 
p2p-Gnutella30_adj/,88328,1590,0.000121,0.000121,0.730719,1,WARP 
p2p-Gnutella31_adj/,147892,2024,0.000181,0.000181,0.816189,1,WARP 
roadNet-CA_adj/,2766607,120676,0.002453,0.002453,1.127915,1,WARP 
roadNet-PA_adj/,1541898,67150,0.001380,0.001380,1.117344,1,WARP 
roadNet-TX_adj/,1921660,82869,0.001708,0.001708,1.125073,1,WARP 
soc-Epinions1_adj/,405740,1624481,0.000892,0.000892,0.454904,1,WARP 
soc-Slashdot0811_adj/,469180,551724,0.000765,0.000765,0.613239,1,WARP 
soc-Slashdot0902_adj/,504230,602592,0.000829,0.000829,0.608252,1,WARP 

------------------------------------------------------------
Sender: LSF System <lsfadmin@batch3>
Subject: Job 505011: <bin_CTA_test> in cluster <summit> Done

Job <bin_CTA_test> was submitted from host <login3> by user <santoshp> in cluster <summit> at Wed Jul 10 19:04:21 2019
Job was executed on host(s) <1*batch3>, in queue <batch>, as user <santoshp> in cluster <summit> at Wed Jul 10 19:05:25 2019
                            <42*e01n12>
</ccs/home/santoshp> was used as the home directory.
</ccs/home/santoshp/TC_our/TriangleCounting_Hash_Based> was used as the working directory.
Started at Wed Jul 10 19:05:25 2019
Terminated at Wed Jul 10 19:17:15 2019
Results reported at Wed Jul 10 19:17:15 2019

The output (if any) is above this job summary.

